SMO

Kernel used:
  RBF Kernel: K(x,y) = exp(-0.10000000149011612*(x-y)^2)

Classifier for classes: good, bad

BinarySMO

 -       0.7461 * <0 1 0 0 0.111111 0 0 0 1 0 0 0 0 1 0 0 0 0 0 0 0 0.02962 1 0 0 0 0 0 0 1 0 0 1 0 0 0 1 0 0 1 0 1 1 0 0 0 0 0 0 1 1 0 0 0.5 0 0 1 0 0 0 0 > * X]
 -       0.8504 * <0 1 0 0 0.222222 0 0 1 0 0 0 0 0 1 0 0 0 0 0 0 0 0.076304 1 0 0 0 0 0 0 1 0 0 1 0 1 0 0 0 0 0 1 1 1 0 0 0 0.111111 0 0 1 0 1 0 0 0 1 0 0 1 0 0 > * X]
 -       0.647  * <0 1 0 0 0.277778 0 0 0 0 1 0 0 0 0 0 0 0 0 0 1 0 0.300796 1 0 0 0 0 0 0 0 1 0 0.333333 0 0 1 0 0 1 0 0 0.666667 0 1 0 0 0.12963 0 0 1 0 1 0 0.5 0 0 1 0 0 0 0 > * X]
 -       0.2757 * <0 0 0 1 0.777778 0 0 0 1 0 0 0 0 1 0 0 0 0 0 0 0 0.61786 0 0 0 0 1 0 0 0 0 1 0.666667 0 0 1 0 0 1 0 0 0.666667 0 0 1 0 0.222222 1 0 0 0 1 0 0.5 0 0 1 0 1 0 0 > * X]
 -       0.6503 * <1 0 0 0 0.111111 0 0 0 0 1 0 1 0 0 0 0 0 0 0 0 0 0.102476 1 0 0 0 0 0 0 0 0 1 1 0 0 1 0 0 1 0 0 0.666667 1 0 0 0 0.62963 0 0 1 0 1 0 0 0 0 1 0 0 0 0 > * X]
 -       1      * <0 1 0 0 0.222222 0 0 1 0 0 0 0 1 0 0 0 0 0 0 0 0 0.243236 1 0 0 0 0 0 0 0 1 0 0.333333 0 1 0 0 0 1 0 0 1 1 0 0 0 0.37037 0 0 1 1 0 0 0 0 0 1 0 0 0 0 > * X]
 -       1      * <1 0 0 0 0.277778 0 0 0 0 1 1 0 0 0 0 0 0 0 0 0 0 0.11954 1 0 0 0 0 0 0 0 0 1 1 0 0 0 1 0 1 0 0 0.666667 0 0 1 0 0.185185 0 0 1 0 1 0 0.5 0 0 1 0 0 1 0 > * X]
 +       1      * <0 0 1 0 0.333333 0 0 0 0 1 1 0 0 0 0 0 0 0 0 0 0 0.096729 0 0 0 0 1 0 0 0 1 0 1 0 0 1 0 0 1 0 0 0.333333 1 0 0 0 0.314815 1 0 0 0 1 0 0.5 0 1 0 0 1 0 0 > * X]
 +       1      * <1 0 0 0 0.111111 0 0 1 0 0 0 0 1 0 0 0 0 0 0 0 0 0.673298 1 0 0 0 0 0 0 0 0 1 1 0 0 1 0 0 1 0 0 1 0 0 0 1 0.611111 0 0 1 0 0 1 0 0 0 0 1 0 1 0 > * X]
 +       1      * <0 0 0 1 0.222222 0 1 0 0 0 1 0 0 0 0 0 0 0 0 0 0 0.548895 1 0 0 0 0 0 0 0 0 1 0.333333 0 0 1 0 0 1 0 0 1 0 0 0 1 0.351852 1 0 0 0 1 0 0.5 0 0 0 1 1 1 0 > * X]
 -       0.794  * <1 0 0 0 0 0 0 0 0 1 0 0 1 0 0 0 0 0 0 0 0 0.143413 1 0 0 0 0 1 0 0 0 0 1 0 0 1 0 0 1 0 0 1 0 0 0 1 0.296296 0 0 1 0 0 1 1 0 0 0 1 0 1 0 > * X]
 +       1      * <0 0 1 0 0.055556 0 0 1 0 0 0 0 0 1 0 0 0 0 0 0 0 0.043767 1 0 0 0 0 0 0 1 0 0 0.666667 0 1 0 0 0 1 0 0 0.333333 1 0 0 0 0.148148 0 0 1 0 1 0 0 0 1 0 0 0 0 0 > * X]
 -       0.356  * <0 0 1 0 0.222222 0 0 1 0 0 0 0 1 0 0 0 0 0 0 0 0 0.24748 1 0 0 0 0 0 1 0 0 0 0 0 1 0 0 0 1 0 0 0 0 1 0 0 0.462963 0 1 0 0 1 0 0 0 1 0 0 0 0 0 > * X]
 +       1      * <1 0 0 0 0.259259 0 0 0 0 1 1 0 0 0 0 0 0 0 0 0 0 0.175508 1 0 0 0 0 0 0 1 0 0 1 0 0 0 1 0 0 0 1 0.333333 0 1 0 0 0.240741 1 0 0 1 0 0 0.5 0 0 1 0 0 0 1 > * X]
 +       1      * <1 0 0 0 0.333333 0 0 1 0 0 1 0 0 0 0 0 0 0 0 0 0 0.099116 0 0 0 0 1 0 0 1 0 0 1 0 1 0 0 0 1 0 0 1 1 0 0 0 0.092593 0 0 1 1 0 0 0 0 0 1 0 0 0 0 > * X]
 +       1      * <0 1 0 0 0.555556 0 0 0 0 1 1 0 0 0 0 0 0 0 0 0 0 0.227233 1 0 0 0 0 0 1 0 0 0 1 1 0 0 0 0 1 0 0 1 0 0 1 0 0.12963 0 0 1 0 1 0 0.5 0 0 1 0 0 0 0 > * X]
 -       0.1708 * <0 1 0 0 0.148148 0 0 1 0 0 0 0 0 0 0 0 0 0 0 1 0 0.102564 0 0 1 0 0 0 0 0 0 1 0 0 0 0 1 0 1 0 0 0.333333 1 0 0 0 0.277778 0 0 1 0 1 0 0 0 0 1 0 0 1 0 > * X]
 -       0.0384 * <0 1 0 0 0.185185 0 0 0 0 1 1 0 0 0 0 0 0 0 0 0 0 0.081786 1 0 0 0 0 1 0 0 0 0 0.333333 0 0 1 0 0 1 0 0 0.666667 0 0 1 0 0.888889 0 0 1 0 0 1 1 1 0 0 0 0 1 0 > * X]
 +       1      * <0 1 0 0 0.555556 0 0 0 1 0 1 0 0 0 0 0 0 0 0 0 0 0.174624 1 0 0 0 0 0 0 0 0 1 1 0 0 1 0 0 1 0 0 1 0 0 0 1 0.685185 1 0 0 0 0 1 0.5 0 0 1 0 0 1 0 > * X]
 +       1      * <0 0 0 1 0.555556 0 0 0 1 0 0 0 0 0 0 0 0 0 0 1 0 0.683466 0 0 0 0 1 0 1 0 0 0 1 0 0 1 0 0 1 0 0 1 0 0 1 0 0.12963 0 0 1 1 0 0 0.5 0 0 1 0 0 1 0 > * X]
 +       1      * <1 0 0 0 0.111111 0 0 1 0 0 1 0 0 0 0 0 0 0 0 0 0 0.205924 1 0 0 0 0 0 1 0 0 0 1 0 0 1 0 0 1 0 0 0 1 0 0 0 0.240741 0 0 1 0 1 0 0 0 1 0 0 1 0 0 > * X]
 -       0.6265 * <0 1 0 0 0.111111 0 0 1 0 0 0 0 0 1 0 0 0 0 0 0 0 0.080283 0 0 1 0 0 0 0 1 0 0 0.666667 1 0 0 0 0 1 0 0 0 0 0 1 0 0.111111 0 0 1 0 1 0 0 0 0 1 0 0 1 0 > * X]
 -       1      * <1 0 0 0 0.759259 0 0 1 0 0 1 0 0 0 0 0 0 0 0 0 0 0.925906 1 0 0 0 0 0 1 0 0 0 0 0 1 0 0 0 1 0 0 0 1 0 0 0 0.277778 0 0 1 0 1 0 0 0 1 0 0 0 1 0 > * X]
 -       0.0356 * <0 0 1 0 0.555556 0 0 1 0 0 0 0 0 1 0 0 0 0 0 0 0 0.373386 1 0 0 0 0 0 0 0 0 1 1 0 0 1 0 0 1 0 0 0.333333 0 0 1 0 0.203704 0 0 1 0 1 0 0 0 0 1 0 0 0 0 > * X]
 -       0.7167 * <0 0 1 0 0.166667 0 0 1 0 0 0 0 0 0 0 0 1 0 0 0 0 0.146331 1 0 0 0 0 0 0 0 0 1 1 0 0 1 0 0 1 0 0 1 0 0 1 0 0.37037 0 0 1 1 0 0 0 0 0 0 1 0 1 0 > * X]
 -       0.3579 * <0 0 0 1 0.111111 0 0 0 0 1 0 0 0 0 0 0 1 0 0 0 0 0.293103 0 0 0 0 1 0 1 0 0 0 0.333333 0 0 1 0 0 1 0 0 0 0 1 0 0 0.314815 0 0 1 0 1 0 0.5 0 1 0 0 1 0 0 > * X]
 +       1      * <0 1 0 0 0.777778 1 0 0 0 0 0 0 0 0 0 0 0 0 0 1 0 0.317772 0 1 0 0 0 0 0 0 1 0 1 0 0 1 0 0 1 0 0 1 0 0 0 1 0.259259 0 0 1 0 0 1 0 0 1 0 0 1 0 0 > * X]
 -       0.8648 * <0 1 0 0 0.444444 0 0 1 0 0 0 0 1 0 0 0 0 0 0 0 0 0.316711 1 0 0 0 0 0 1 0 0 0 0.333333 0 0 0 1 0 1 0 0 0 0 1 0 0 0.037037 0 0 1 0 1 0 0 0 0 1 0 0 0 0 > * X]
 +       1      * <1 0 0 0 0.222222 0 0 1 0 0 0 0 0 0 0 0 1 0 0 0 0 0.044209 1 0 0 0 0 1 0 0 0 0 1 0 1 0 0 0 1 0 0 0 1 0 0 0 0.12963 0 0 1 0 1 0 0 1 0 0 0 0 0 0 > * X]
 -       0.2693 * <0 0 0 1 0.111111 0 0 1 0 0 0 0 0 1 0 0 0 0 0 0 0 0.151459 1 0 0 0 0 0 0 0 1 0 1 0 0 1 0 0 1 0 0 0.333333 0 0 1 0 0.203704 0 0 1 1 0 0 0.5 0 0 0 1 1 1 0 > * X]
 -       0.085  * <0 1 0 0 0.444444 0 0 1 0 0 0 0 0 1 0 0 0 0 0 0 0 0.129531 0 0 0 0 1 0 0 1 0 0 1 0 1 0 0 0 1 0 0 0 0 0 1 0 0.111111 0 0 1 0 1 0 0 0 0 1 0 0 0 0 > * X]
 -       0.8433 * <0 0 0 1 0.111111 0 0 1 0 0 1 0 0 0 0 0 0 0 0 0 0 0.144474 1 0 0 0 0 0 0 0 0 1 1 0 0 1 0 0 1 0 0 1 0 0 1 0 0.351852 0 0 1 0 1 0 0 0 0 0 1 0 1 0 > * X]
 -       0.328  * <0 0 0 1 0.333333 0 0 1 0 0 0 0 1 0 0 0 0 0 0 0 0 0.24863 0 0 1 0 0 0 0 0 0 1 1 0 0 1 0 0 1 0 0 0.666667 0 0 0 1 0.222222 0 0 1 1 0 0 0 0 0 1 0 0 1 0 > * X]
 -       0.0327 * <0 0 0 1 0.111111 0 0 1 0 0 0 1 0 0 0 0 0 0 0 0 0 0.102829 0 0 0 1 0 0 0 0 1 0 0.666667 0 0 1 0 0 1 0 0 0.333333 0 1 0 0 0.648148 0 0 1 0 1 0 0 0 0 1 0 0 0 1 > * X]
 -       1      * <0 0 0 1 0.111111 0 0 1 0 0 1 0 0 0 0 0 0 0 0 0 0 0.034483 1 0 0 0 0 0 0 1 0 0 1 1 0 0 0 0 1 0 0 0.333333 1 0 0 0 0.537037 0 0 1 0 1 0 0 0 1 0 0 0 0 0 > * X]
 -       0.2046 * <0 1 0 0 0.092593 0 0 0 1 0 0 0 0 1 0 0 0 0 0 0 0 0.399735 1 0 0 0 0 0 0 0 1 0 0.333333 0 0 1 0 0 1 0 0 1 0 1 0 0 0.574074 0 0 1 0 1 0 0 0 0 1 0 0 0 0 > * X]
 -       1      * <1 0 0 0 0.111111 0 0 1 0 0 0 0 0 1 0 0 0 0 0 0 0 0.110345 1 0 0 0 0 0 0 1 0 0 1 0 1 0 0 0 1 0 0 0 0 0 1 0 0.055556 1 0 0 0 1 0 0 0 0 1 0 0 0 0 > * X]
 +       1      * <0 1 0 0 0.111111 0 0 1 0 0 1 0 0 0 0 0 0 0 0 0 0 0.038462 1 0 0 0 0 0 0 0 1 0 0.333333 0 0 0 1 0 1 0 0 0.666667 0 0 1 0 0.092593 1 0 0 0 1 0 0 0 1 0 0 0 0 0 > * X]
 -       0.8302 * <0 1 0 0 0.777778 0 0 1 0 0 0 0 0 0 0 0 0 0 0 0 1 0.453669 0 0 0 0 1 1 0 0 0 0 0.666667 0 0 1 0 0 1 0 0 1 0 0 0 1 0.37037 1 0 0 0 0 1 0 1 0 0 0 0 1 0 > * X]
 -       0.2453 * <0 0 0 1 0.111111 0 0 0 0 1 0 0 0 0 0 0 1 0 0 0 0 0.220866 1 0 0 0 0 0 0 0 0 1 0.333333 0 1 0 0 0 1 0 0 1 0 0 0 1 0.685185 1 0 0 0 0 1 1 0 1 0 0 0 0 0 > * X]
 -       1      * <0 1 0 0 0.333333 0 0 0 1 0 1 0 0 0 0 0 0 0 0 0 0 0.151636 0 0 0 0 1 0 0 1 0 0 1 0 1 0 0 0 1 0 0 1 0 0 1 0 0.407407 0 0 1 1 0 0 0.5 0 0 1 0 0 1 0 > * X]
 +       1      * <1 0 0 0 0.555556 0 0 1 0 0 0 0 0 0 0 0 1 0 0 0 0 0.152697 0 0 0 0 1 0 0 0 0 1 1 0 0 1 0 0 1 0 0 1 0 0 0 1 0.37037 0 0 1 0 1 0 0 0 0 0 1 0 1 0 > * X]
 -       0.0069 * <0 1 0 0 0.777778 0 0 1 0 0 0 0 0 1 0 0 0 0 0 0 0 0.329708 0 0 0 0 1 0 0 0 1 0 1 0 0 1 0 0 1 0 0 0 0 0 1 0 0.388889 0 0 1 0 1 0 0.5 0 0 1 0 1 1 0 > * X]
 -       0.3563 * <0 0 0 1 0.111111 0 0 0 1 0 0 1 0 0 0 0 0 0 0 0 0 0.110787 1 0 0 0 0 0 0 1 0 0 1 0 0 0 1 0 1 0 0 1 1 0 0 0 0.388889 0 0 1 1 0 0 0 0 0 1 0 0 0 0 > * X]
 +       1      * <1 0 0 0 0.333333 0 0 1 0 0 0 0 1 0 0 0 0 0 0 0 0 0.263837 1 0 0 0 0 0 1 0 0 0 1 0 1 0 0 0 1 0 0 1 1 0 0 0 0.055556 0 0 1 1 0 0 0 0 1 0 0 0 1 0 > * X]
 -       0.0241 * <0 0 0 1 0.333333 0 0 0 0 1 0 0 0 0 0 0 0 0 0 1 0 0.378073 1 0 0 0 0 0 0 1 0 0 0.666667 0 0 1 0 0 1 0 0 0.333333 1 0 0 0 1 0 0 1 0 1 0 0 0 0 0 1 0 1 0 > * X]
 -       1      * <1 0 0 0 0.111111 0 0 1 0 0 0 0 1 0 0 0 0 0 0 0 0 0.142175 1 0 0 0 0 0 1 0 0 0 1 0 1 0 0 0 1 0 0 0 0 0 1 0 0.037037 0 0 1 1 0 0 0 0 0 1 0 0 0 0 > * X]
 -       1      * <1 0 0 0 0.333333 0 0 1 0 0 0 0 0 1 0 0 0 0 0 0 0 0.188683 1 0 0 0 0 0 0 0 0 1 1 0 0 1 0 0 1 0 0 1 1 0 0 0 0.814815 1 0 0 1 0 0 0 0 1 0 0 0 0 0 > * X]
 -       0.9391 * <0 1 0 0 0.777778 0 0 1 0 0 1 0 0 0 0 0 0 0 0 0 0 0.728294 0 0 0 0 1 0 0 0 1 0 0 0 1 0 0 0 1 0 0 0.333333 0 0 1 0 0.074074 0 0 1 0 1 0 0 0 0 1 0 0 0 0 > * X]
 -       0.5866 * <0 0 0 1 0.074074 0 0 1 0 0 0 0 0 0 0 0 1 0 0 0 0 0.042175 0 0 1 0 0 0 0 0 0 1 1 0 0 1 0 0 1 0 0 1 0 0 0 1 0.481481 0 0 1 0 0 1 0 0 0 1 0 0 1 0 > * X]
 -       0.4954 * <0 0 1 0 0.111111 0 0 1 0 0 0 0 0 1 0 0 0 0 0 0 0 0.144209 1 0 0 0 0 0 0 1 0 0 0.333333 0 1 0 0 0 1 0 0 0.333333 0 0 1 0 0.444444 0 0 1 1 0 0 0 0 1 0 0 0 1 0 > * X]
 -       0.3038 * <0 0 0 1 0.111111 0 0 0 0 1 0 0 0 0 0 0 0 0 0 1 0 0.089655 0 0 0 0 1 0 0 0 0 1 1 0 0 1 0 0 1 0 0 1 0 0 0 1 0.685185 0 0 1 1 0 0 0 0 1 0 0 0 0 0 > * X]
 -       1      * <1 0 0 0 0.333333 0 0 1 0 0 0 1 0 0 0 0 0 0 0 0 0 0.559593 1 0 0 0 0 1 0 0 0 0 1 0 0 1 0 0 1 0 0 0.333333 0 0 0 1 0.166667 0 0 1 0 0 1 0 0 0 0 1 0 1 0 > * X]
 -       0.5656 * <0 0 0 1 0.333333 0 0 0 1 0 0 0 0 0 0 0 0 0 0 1 0 0.319452 1 0 0 0 0 0 0 1 0 0 0 0 0 1 0 0 1 0 0 0.333333 0 0 0 1 0.222222 0 0 1 0 0 1 0 0 0 1 0 0 0 0 > * X]
 -       0.3548 * <0 0 0 1 0 0 0 0 0 1 1 0 0 0 0 0 0 0 0 0 0 0 0 0 0 1 0 0 0 1 0 0 0.333333 0 1 0 0 0 1 0 0 0.333333 1 0 0 0 0.388889 1 0 0 0 1 0 0.5 0 1 0 0 0 0 0 > * X]
 -       0.4007 * <0 1 0 0 0.222222 0 0 0 1 0 0 0 0 0 0 0 0 0 0 1 0 0.192485 0 0 0 0 1 0 0 0 0 1 1 0 0 1 0 0 1 0 0 0.333333 0 1 0 0 0.407407 0 0 1 0 1 0 0.5 0 0 1 0 0 0 0 > * X]
 +       1      * <1 0 0 0 0.111111 0 0 1 0 0 1 0 0 0 0 0 0 0 0 0 0 0.090539 1 0 0 0 0 0 1 0 0 0 0.666667 0 1 0 0 0 1 0 0 0 1 0 0 0 0.314815 0 0 1 0 1 0 0 0 1 0 0 0 0 0 > * X]
 +       1      * <1 0 0 0 0.111111 0 0 1 0 0 1 0 0 0 0 0 0 0 0 0 0 0.045004 1 0 0 0 0 0 0 0 1 0 1 0 0 1 0 0 1 0 0 0.333333 1 0 0 0 0.111111 0 0 1 0 1 0 0 0 0 1 0 0 0 0 > * X]
 -       0.0965 * <0 0 0 1 0.055556 0 0 1 0 0 0 0 0 1 0 0 0 0 0 0 0 0.216357 1 0 0 0 0 0 0 1 0 0 0 0 0 1 0 0 1 0 0 0.333333 1 0 0 0 0.222222 0 0 1 0 1 0 0 0 0 1 0 1 0 0 > * X]
 -       0.6982 * <0 1 0 0 0.444444 1 0 0 0 0 0 0 0 0 0 0 0 0 0 1 0 0.351105 1 0 0 0 0 0 0 1 0 0 0.333333 0 1 0 0 0 1 0 0 0 0 0 1 0 0.148148 0 0 1 0 1 0 0.5 0 0 1 0 0 0 0 > * X]
 +       1      * <1 0 0 0 0.111111 0 0 1 0 0 0 0 1 0 0 0 0 0 0 0 0 0.091247 1 0 0 0 0 0 0 1 0 0 0.333333 0 1 0 0 0 1 0 0 1 0 0 1 0 0 0 0 1 1 0 0 0 0 0 1 0 0 0 0 > * X]
 +       1      * <0 1 0 0 0.222222 0 0 0 0 1 0 0 0 1 0 0 0 0 0 0 0 0.087975 1 0 0 0 0 0 0 1 0 0 1 0 0 0 1 0 1 0 0 0.333333 0 0 1 0 0.240741 0 0 1 0 1 0 0 0 0 1 0 0 0 0 > * X]
 +       1      * <1 0 0 0 1 0 0 1 0 0 0 0 0 0 0 0 0 0 0 1 0 0.623077 1 0 0 0 0 0 0 0 0 1 1 0 0 1 0 0 0 1 0 1 0 0 0 1 0.296296 0 0 1 1 0 0 0 0 0 1 0 0 0 0 > * X]
 +       1      * <1 0 0 0 0.777778 0 1 0 0 0 0 0 0 0 0 0 0 0 0 1 0 0.657383 1 0 0 0 0 0 0 0 1 0 0.333333 0 1 0 0 0 0 0 1 1 0 0 1 0 0.314815 0 0 1 1 0 0 0 0 0 1 0 0 0 0 > * X]
 -       0.715  * <1 0 0 0 0.333333 0 0 1 0 0 0 0 0 0 0 0 0 0 0 0 1 0.133068 1 0 0 0 0 0 0 0 0 1 1 0 1 0 0 0 0 0 1 1 1 0 0 0 0.703704 0 0 1 0 1 0 0 0 1 0 0 0 1 0 > * X]
 -       0.7484 * <1 0 0 0 0.444444 0 0 0 0 1 0 1 0 0 0 0 0 0 0 0 0 0.524934 0 1 0 0 0 0 0 0 1 0 0 0 0 0 1 0 1 0 0 1 0 0 1 0 0.074074 0 0 1 1 0 0 0.5 0 0 1 0 0 0 0 > * X]
 -       0.5374 * <0 0 1 0 0.333333 0 0 0 0 1 0 0 1 0 0 0 0 0 0 0 0 0.297701 0 0 0 0 1 0 0 0 0 1 1 0 0 1 0 0 0 1 0 1 0 0 0 1 0 0 0 1 1 0 0 0.5 0 0 1 0 0 0 0 > * X]
 +       1      * <1 0 0 0 0.222222 0 0 1 0 0 0 0 0 1 0 0 0 0 0 0 0 0.096817 1 0 0 0 0 0 0 1 0 0 1 0 0 0 1 0 1 0 0 0.666667 1 0 0 0 0.111111 1 0 0 0 1 0 0 0 0 1 0 0 0 0 > * X]
 -       0.3585 * <0 1 0 0 0.222222 0 0 0 0 1 0 0 0 0 0 0 0 0 0 1 0 0.295314 1 0 0 0 0 1 0 0 0 0 0.666667 0 0 0 1 0 1 0 0 0.666667 0 0 1 0 0.37037 0 0 1 0 1 0 1 1 0 0 0 1 1 0 > * X]
 +       1      * <0 1 0 0 0.055556 0 0 0 0 1 0 0 0 0 0 0 1 0 0 0 0 0.078338 0 0 0 1 0 0 0 0 0 1 1 0 0 1 0 0 1 0 0 0.666667 0 0 0 1 0.222222 0 0 1 0 0 1 0.5 0 0 1 0 1 0 0 > * X]
 -       0.6193 * <1 0 0 0 0 0 0 0 0 1 1 0 0 0 0 0 0 0 0 0 0 0.036782 0 0 0 1 0 0 0 0 1 0 0.666667 0 1 0 0 0 1 0 0 1 1 0 0 0 0.351852 0 0 1 0 1 0 0.5 0 1 0 0 0 1 0 > * X]
 -       0.9674 * <1 0 0 0 0 0 0 0 0 1 1 0 0 0 0 0 0 0 0 0 0 0.302918 1 0 0 0 0 0 0 1 0 0 0 0 0 1 0 0 1 0 0 0.666667 1 0 0 0 0.314815 0 0 1 1 0 0 1 0 0 1 0 1 0 0 > * X]
 +       1      * <1 0 0 0 0.111111 1 0 0 0 0 0 0 0 1 0 0 0 0 0 0 0 0.525995 1 0 0 0 0 0 0 1 0 0 1 0 0 1 0 0 1 0 0 0.333333 0 1 0 0 0.148148 0 0 1 1 0 0 0.5 0 0 1 0 0 1 0 > * X]
 +       1      * <1 0 0 0 0.555556 0 0 1 0 0 0 0 0 1 0 0 0 0 0 0 0 0.181432 1 0 0 0 0 0 0 1 0 0 1 1 0 0 0 0 1 0 0 1 0 0 1 0 0.203704 0 0 1 1 0 0 0 0 0 1 0 0 0 0 > * X]
 +       1      * <1 0 0 0 0 0 0 0 0 1 0 0 1 0 0 0 0 0 0 0 0 0.2771 1 0 0 0 0 0 0 1 0 0 0 1 0 0 0 0 1 0 0 1 1 0 0 0 0.444444 0 0 1 1 0 0 0 0 0 0 1 0 1 0 > * X]
 +       1      * <0 1 0 0 0.333333 0 0 0 0 1 0 0 0 0 0 0 0 0 0 1 0 0.148983 1 0 0 0 0 0 0 0 0 1 1 1 0 0 0 0 1 0 0 1 1 0 0 0 0.203704 0 0 1 0 1 0 0.5 0 0 1 0 0 1 0 > * X]
 +       1      * <0 1 0 0 0.333333 0 0 1 0 0 0 1 0 0 0 0 0 0 0 0 0 1 1 0 0 0 0 0 0 1 0 0 0 0 1 0 0 0 1 0 0 1 0 0 1 0 0.055556 0 0 1 1 0 0 0.5 0 0 0 1 0 0 0 > * X]
 -       0.6036 * <0 0 1 0 0.333333 0 0 1 0 0 0 0 1 0 0 0 0 0 0 0 0 0.309372 1 0 0 0 0 0 1 0 0 0 0.333333 0 1 0 0 0 1 0 0 1 0 0 1 0 0.111111 0 0 1 0 1 0 0 0 0 1 0 0 0 0 > * X]
 -       0.8907 * <1 0 0 0 0.111111 0 0 0 0 1 1 0 0 0 0 0 0 0 0 0 0 0.165517 1 0 0 0 0 0 0 1 0 0 0.666667 0 0 1 0 0 1 0 0 0.333333 1 0 0 0 0.351852 0 0 1 1 0 0 0.5 0 1 0 0 1 0 1 > * X]
 +       1      * <0 0 0 1 0.111111 0 0 1 0 0 1 0 0 0 0 0 0 0 0 0 0 0.100442 0 0 1 0 0 0 0 1 0 0 0.333333 0 1 0 0 0 1 0 0 0.333333 0 1 0 0 0.111111 0 0 1 0 1 0 0 0 0 1 0 0 0 0 > * X]
 -       0.5221 * <0 0 0 1 0.111111 0 0 1 0 0 0 0 0 0 0 0 1 0 0 0 0 0.101061 1 0 0 0 0 0 0 0 0 1 1 0 0 1 0 0 1 0 0 1 0 1 0 0 0.5 1 0 0 0 1 0 1 0 0 1 0 1 1 0 > * X]
 +       1      * <0 1 0 0 0.111111 0 0 1 0 0 1 0 0 0 0 0 0 0 0 0 0 0.092396 1 0 0 0 0 0 1 0 0 0 0.666667 0 1 0 0 0 1 0 0 0 0 0 1 0 0.092593 0 0 1 1 0 0 0 0 0 1 0 0 0 0 > * X]
 -       0.6141 * <0 0 1 0 0.111111 0 1 0 0 0 0 0 0 1 0 0 0 0 0 0 0 0.014058 0 0 0 1 0 0 0 1 0 0 0.666667 0 1 0 0 0 1 0 0 0.666667 1 0 0 0 0.407407 0 0 1 1 0 0 0.5 0 0 1 0 0 0 0 > * X]
 +       1      * <0 1 0 0 0.166667 0 1 0 0 0 1 0 0 0 0 0 0 0 0 0 0 0.583554 0 1 0 0 0 1 0 0 0 0 0 0 0 1 0 0 1 0 0 0.333333 0 1 0 0 0.259259 0 0 1 0 1 0 0 0 0 0 1 1 1 0 > * X]
 -       0.627  * <1 0 0 0 0.055556 0 0 0 0 1 0 0 0 1 0 0 0 0 0 0 0 0.078515 1 0 0 0 0 0 0 1 0 0 1 0 0 1 0 0 1 0 0 1 1 0 0 0 0.092593 0 0 1 0 1 0 0.5 0 1 0 0 0 0 0 > * X]
 -       0.6142

Number of support vectors: 85

Number of kernel evaluations: 6164 (87.996% cached)

