SMO

Kernel used:
  RBF Kernel: K(x,y) = exp(-0.10000000149011612*(x-y)^2)

Classifier for classes: good, bad

BinarySMO

      1      * <1 0 0 0 0.555556 0 0 1 0 0 0 0 0 1 0 0 0 0 0 0 0 0.172162 1 0 0 0 0 0 0 1 0 0 1 1 0 0 0 0 1 0 0 1 0 0 1 0 0.2 0 0 1 1 0 0 0 0 0 1 0 0 0 0 > * X]
 +       1      * <1 0 0 0 0.555556 0 0 1 0 0 0 0 0 0 0 0 1 0 0 0 0 0.144895 0 0 0 0 1 0 0 0 0 1 1 0 0 1 0 0 1 0 0 1 0 0 0 1 0.363636 0 0 1 0 1 0 0 0 0 0 1 0 1 0 > * X]
 -       0.0199 * <0 1 0 0 0.185185 0 0 0 0 1 1 0 0 0 0 0 0 0 0 0 0 0.077607 1 0 0 0 0 1 0 0 0 0 0.333333 0 0 1 0 0 1 0 0 0.666667 0 0 1 0 0.872727 0 0 1 0 0 1 1 1 0 0 0 0 1 0 > * X]
 -       0.3802 * <0 1 0 0 0.777778 0 0 1 0 0 0 0 0 0 0 0 0 0 0 0 1 0.430489 0 0 0 0 1 1 0 0 0 0 0.666667 0 0 1 0 0 1 0 0 1 0 0 0 1 0.363636 1 0 0 0 0 1 0 1 0 0 0 0 1 0 > * X]
 -       0.7298 * <0 1 0 0 0.777778 0 0 1 0 0 1 0 0 0 0 0 0 0 0 0 0 0.691081 0 0 0 0 1 0 0 0 1 0 0 0 1 0 0 0 1 0 0 0.333333 0 0 1 0 0.072727 0 0 1 0 1 0 0 0 0 1 0 0 0 0 > * X]
 -       1      * <1 0 0 0 0.759259 0 0 1 0 0 1 0 0 0 0 0 0 0 0 0 0 0.878597 1 0 0 0 0 0 1 0 0 0 0 0 1 0 0 0 1 0 0 0 1 0 0 0 0.272727 0 0 1 0 1 0 0 0 1 0 0 0 1 0 > * X]
 +       1      * <1 0 0 0 0.111111 0 0 1 0 0 0 0 0 0 1 0 0 0 0 0 0 0.041195 0 1 0 0 0 1 0 0 0 0 1 0 1 0 0 0 1 0 0 0.666667 0 1 0 0 0.036364 0 0 1 0 1 0 0 0 0 1 0 0 0 0 > * X]
 +       1      * <0 1 0 0 0.333333 0 0 0 0 1 0 0 0 0 0 0 0 0 0 1 0 0.141371 1 0 0 0 0 0 0 0 0 1 1 1 0 0 0 0 1 0 0 1 1 0 0 0 0.2 0 0 1 0 1 0 0.5 0 0 1 0 0 1 0 > * X]
 -       0.9417 * <0 1 0 0 0.333333 0 0 0 1 0 1 0 0 0 0 0 0 0 0 0 0 0.143888 0 0 0 0 1 0 0 1 0 0 1 0 1 0 0 0 1 0 0 1 0 0 1 0 0.4 0 0 1 1 0 0 0.5 0 0 1 0 0 1 0 > * X]
 -       1      * <1 0 0 0 0.111111 0 0 1 0 0 0 0 0 1 0 0 0 0 0 0 0 0.104707 1 0 0 0 0 0 0 1 0 0 1 0 1 0 0 0 1 0 0 0 0 0 1 0 0.054545 1 0 0 0 1 0 0 0 0 1 0 0 0 0 > * X]
 -       1      * <1 0 0 0 0.111111 0 0 1 0 0 0 0 1 0 0 0 0 0 0 0 0 0.134911 1 0 0 0 0 0 1 0 0 0 1 0 1 0 0 0 1 0 0 0 0 0 1 0 0.036364 0 0 1 1 0 0 0 0 0 1 0 0 0 0 > * X]
 -       0.5917 * <0 0 0 1 0.333333 0 0 0 1 0 0 0 0 0 0 0 0 0 0 1 0 0.303129 1 0 0 0 0 0 0 1 0 0 0 0 0 1 0 0 1 0 0 0.333333 0 0 0 1 0.218182 0 0 1 0 0 1 0 0 0 1 0 0 0 0 > * X]
 -       0.0595 * <0 0 0 1 0.111111 0 0 1 0 0 0 0 0 1 0 0 0 0 0 0 0 0.14372 1 0 0 0 0 0 0 0 1 0 1 0 0 1 0 0 1 0 0 0.333333 0 0 1 0 0.2 0 0 1 1 0 0 0.5 0 0 0 1 1 1 0 > * X]
 +       1      * <0 0 0 1 0.222222 0 1 0 0 0 1 0 0 0 0 0 0 0 0 0 0 0.520849 1 0 0 0 0 0 0 0 0 1 0.333333 0 0 1 0 0 1 0 0 1 0 0 0 1 0.345455 1 0 0 0 1 0 0.5 0 0 0 1 1 1 0 > * X]
 -       0.3546 * <0 0 1 0 0.333333 0 0 0 0 1 0 0 1 0 0 0 0 0 0 0 0 0.28249 0 0 0 0 1 0 0 0 0 1 1 0 0 1 0 0 0 1 0 1 0 0 0 1 0 0 0 1 1 0 0 0.5 0 0 1 0 0 0 0 > * X]
 -       0.0031 * <0 1 0 0 0.444444 0 0 1 0 0 0 0 0 1 0 0 0 0 0 0 0 0.122913 0 0 0 0 1 0 0 1 0 0 1 0 1 0 0 0 1 0 0 0 0 0 1 0 0.109091 0 0 1 0 1 0 0 0 0 1 0 0 0 0 > * X]
 -       0.701  * <0 0 0 1 0.111111 0 0 1 0 0 0 0 0 0 0 0 1 0 0 0 0 0.095897 1 0 0 0 0 0 0 0 0 1 1 0 0 1 0 0 1 0 0 1 0 1 0 0 0.490909 1 0 0 0 1 0 1 0 0 1 0 1 1 0 > * X]
 +       1      * <0 1 0 0 0.555556 0 0 0 1 0 1 0 0 0 0 0 0 0 0 0 0 0.165702 1 0 0 0 0 0 0 0 0 1 1 0 0 1 0 0 1 0 0 1 0 0 0 1 0.672727 1 0 0 0 0 1 0.5 0 0 1 0 0 1 0 > * X]
 -       0.3405 * <0 0 0 1 0.777778 0 0 0 1 0 0 0 0 1 0 0 0 0 0 0 0 0.586291 0 0 0 0 1 0 0 0 0 1 0.666667 0 0 1 0 0 1 0 0 0.666667 0 0 1 0 0.218182 1 0 0 0 1 0 0.5 0 0 1 0 1 0 0 > * X]
 -       1      * <1 0 0 0 0.277778 0 0 0 0 1 1 0 0 0 0 0 0 0 0 0 0 0.113432 1 0 0 0 0 0 0 0 0 1 1 0 0 0 1 0 1 0 0 0.666667 0 0 1 0 0.181818 0 0 1 0 1 0 0.5 0 0 1 0 0 1 0 > * X]
 +       1      * <0 1 0 0 0.166667 0 1 0 0 0 1 0 0 0 0 0 0 0 0 0 0 0.553738 0 1 0 0 0 1 0 0 0 0 0 0 0 1 0 0 1 0 0 0.333333 0 1 0 0 0.254545 0 0 1 0 1 0 0 0 0 0 1 1 1 0 > * X]
 -       0.5536 * <0 1 0 0 0.222222 0 0 1 0 0 0 0 0 1 0 0 0 0 0 0 0 0.072405 1 0 0 0 0 0 0 1 0 0 1 0 1 0 0 0 0 0 1 1 1 0 0 0 0.109091 0 0 1 0 1 0 0 0 1 0 0 1 0 0 > * X]
 -       1      * <1 0 0 0 0.333333 0 0 1 0 0 0 1 0 0 0 0 0 0 0 0 0 0.531001 1 0 0 0 0 1 0 0 0 0 1 0 0 1 0 0 1 0 0 0.333333 0 0 0 1 0.163636 0 0 1 0 0 1 0 0 0 0 1 0 1 0 > * X]
 +       1      * <1 0 0 0 0.333333 0 0 1 0 0 1 0 0 0 0 0 0 0 0 0 0 0.094052 0 0 0 0 1 0 0 1 0 0 1 0 1 0 0 0 1 0 0 1 1 0 0 0 0.090909 0 0 1 1 0 0 0 0 0 1 0 0 0 0 > * X]
 -       1      * <1 0 0 0 0.333333 0 0 1 0 0 0 1 0 0 0 0 0 0 0 0 0 0.214951 0 0 0 0 1 0 0 0 0 1 0.333333 0 1 0 0 0 1 0 0 1 1 0 0 0 0.109091 0 0 1 1 0 0 0 0 0 1 0 0 0 0 > * X]
 -       0.978  * <1 0 0 0 0.111111 0 0 0 0 1 1 0 0 0 0 0 0 0 0 0 0 0.15706 1 0 0 0 0 0 0 1 0 0 0.666667 0 0 1 0 0 1 0 0 0.333333 1 0 0 0 0.345455 0 0 1 1 0 0 0.5 0 1 0 0 1 0 1 > * X]
 -       0.7713 * <0 1 0 0 0.444444 1 0 0 0 0 0 0 0 0 0 0 0 0 0 1 0 0.333166 1 0 0 0 0 0 0 1 0 0 0.333333 0 1 0 0 0 1 0 0 0 0 0 1 0 0.145455 0 0 1 0 1 0 0.5 0 0 1 0 0 0 0 > * X]
 +       1      * <1 0 0 0 0.222222 0 0 1 0 0 0 0 0 0 0 0 1 0 0 0 0 0.04195 1 0 0 0 0 1 0 0 0 0 1 0 1 0 0 0 1 0 0 0 1 0 0 0 0.127273 0 0 1 0 1 0 0 1 0 0 0 0 0 0 > * X]
 +       1      * <0 1 0 0 0.111111 0 0 1 0 0 1 0 0 0 0 0 0 0 0 0 0 0.087675 1 0 0 0 0 0 1 0 0 0 0.666667 0 1 0 0 0 1 0 0 0 0 0 1 0 0.090909 0 0 1 1 0 0 0 0 0 1 0 0 0 0 > * X]
 +       1      * <1 0 0 0 0.333333 0 0 0 0 1 1 0 0 0 0 0 0 0 0 0 0 0.079621 1 0 0 0 0 0 0 0 0 1 1 0 0 1 0 0 1 0 0 1 0 0 1 0 0.727273 0 0 1 0 1 0 0.5 0 1 0 0 0 0 0 > * X]
 -       0.8545 * <0 1 0 0 0.111111 0 0 1 0 0 0 0 1 0 0 0 0 0 0 0 0 0.23215 1 0 0 0 0 0 1 0 0 0 0.666667 0 1 0 0 0 1 0 0 0 1 0 0 0 0.254545 0 0 1 1 0 0 0 0 0 0 1 0 0 0 > * X]
 -       1      * <0 0 0 1 0.111111 0 0 1 0 0 1 0 0 0 0 0 0 0 0 0 0 0.032721 1 0 0 0 0 0 0 1 0 0 1 1 0 0 0 0 1 0 0 0.333333 1 0 0 0 0.527273 0 0 1 0 1 0 0 0 1 0 0 0 0 0 > * X]
 +       1      * <0 0 1 0 0.333333 0 0 0 0 1 1 0 0 0 0 0 0 0 0 0 0 0.091786 0 0 0 0 1 0 0 0 1 0 1 0 0 1 0 0 1 0 0 0.333333 1 0 0 0 0.309091 1 0 0 0 1 0 0.5 0 1 0 0 1 0 0 > * X]
 +       1      * <1 0 0 0 0.111111 0 1 0 0 0 1 0 0 0 0 0 0 0 0 0 0 0.037503 1 0 0 0 0 0 1 0 0 0 1 0 0 1 0 0 1 0 0 0.333333 0 0 1 0 0.472727 1 0 0 0 1 0 0.5 0 0 1 0 0 1 0 > * X]
 -       0.4278 * <0 1 0 0 0.222222 0 0 1 0 0 0 0 1 0 0 0 0 0 0 0 0 0.230808 1 0 0 0 0 0 0 0 1 0 0.333333 0 1 0 0 0 1 0 0 1 1 0 0 0 0.363636 0 0 1 1 0 0 0 0 0 1 0 0 0 0 > * X]
 +       1      * <0 1 0 0 0.111111 0 0 1 0 0 1 0 0 0 0 0 0 0 0 0 0 0.036496 1 0 0 0 0 0 0 0 1 0 0.333333 0 0 0 1 0 1 0 0 0.666667 0 0 1 0 0.090909 1 0 0 0 1 0 0 0 1 0 0 0 0 0 > * X]
 -       0.7452 * <1 0 0 0 0.333333 0 0 1 0 0 0 0 0 0 0 0 0 0 0 0 1 0.126269 1 0 0 0 0 0 0 0 0 1 1 0 1 0 0 0 0 0 1 1 1 0 0 0 0.690909 0 0 1 0 1 0 0 0 1 0 0 0 1 0 > * X]
 +       1      * <0 0 0 1 0.111111 0 0 1 0 0 1 0 0 0 0 0 0 0 0 0 0 0.09531 0 0 1 0 0 0 0 1 0 0 0.333333 0 1 0 0 0 1 0 0 0.333333 0 1 0 0 0.109091 0 0 1 0 1 0 0 0 0 1 0 0 0 0 > * X]
 -       0.3905 * <0 1 0 0 0.018519 0 0 1 0 0 0 0 0 1 0 0 0 0 0 0 0 0.195151 1 0 0 0 0 0 0 1 0 0 0.333333 0 0 1 0 0 0 0 1 0.333333 1 0 0 0 0.272727 0 0 1 0 1 0 0 0 0 1 0 0 0 0 > * X]
 -       0.2853 * <0 0 0 1 0.222222 0 0 1 0 0 0 0 0 1 0 0 0 0 0 0 0 0.073496 0 0 0 0 1 0 1 0 0 0 1 0 1 0 0 0 1 0 0 0.333333 1 0 0 0 0.018182 0 0 1 1 0 0 0 0 0 1 0 0 1 0 > * X]
 -       0.2196 * <0 0 0 1 0 0 0 0 0 1 1 0 0 0 0 0 0 0 0 0 0 0.009397 0 1 0 0 0 0 0 1 0 0 1 0 1 0 0 0 1 0 0 1 0 0 1 0 0.581818 0 0 1 0 1 0 0.5 0 1 0 0 0 0 0 > * X]
 -       0.2676 * <0 0 1 0 0.111111 0 0 1 0 0 0 0 0 1 0 0 0 0 0 0 0 0.13684 1 0 0 0 0 0 0 1 0 0 0.333333 0 1 0 0 0 1 0 0 0.333333 0 0 1 0 0.436364 0 0 1 1 0 0 0 0 1 0 0 0 1 0 > * X]
 +       1      * <1 0 0 0 0.111111 0 0 1 0 0 1 0 0 0 0 0 0 0 0 0 0 0.042705 1 0 0 0 0 0 0 0 1 0 1 0 0 1 0 0 1 0 0 0.333333 1 0 0 0 0.109091 0 0 1 0 1 0 0 0 0 1 0 0 0 0 > * X]
 +       1      * <0 1 0 0 0.222222 0 0 0 0 1 0 0 0 1 0 0 0 0 0 0 0 0.08348 1 0 0 0 0 0 0 1 0 0 1 0 0 0 1 0 1 0 0 0.333333 0 0 1 0 0.236364 0 0 1 0 1 0 0 0 0 1 0 0 0 0 > * X]
 -       0.2149 * <0 1 0 0 0.092593 0 0 0 1 0 0 0 0 1 0 0 0 0 0 0 0 0.37931 1 0 0 0 0 0 0 0 1 0 0.333333 0 0 1 0 0 1 0 0 1 0 1 0 0 0.563636 0 0 1 0 1 0 0 0 0 1 0 0 0 0 > * X]
 -       1      * <0 0 1 0 0.111111 0 0 1 0 0 0 0 0 1 0 0 0 0 0 0 0 0.087843 1 0 0 0 0 0 0 1 0 0 0.666667 0 0 0 1 0 1 0 0 1 1 0 0 0 0.054545 0 0 1 1 0 0 0 0 0 1 0 0 0 0 > * X]
 -       0.5647 * <0 0 1 0 0.333333 0 0 1 0 0 0 0 1 0 0 0 0 0 0 0 0 0.293565 1 0 0 0 0 0 1 0 0 0 0.333333 0 1 0 0 0 1 0 0 1 0 0 1 0 0.109091 0 0 1 0 1 0 0 0 0 1 0 0 0 0 > * X]
 -       0.5731 * <0 0 1 0 0.166667 0 0 1 0 0 0 0 0 0 0 0 1 0 0 0 0 0.138854 1 0 0 0 0 0 0 0 0 1 1 0 0 1 0 0 1 0 0 1 0 0 1 0 0.363636 0 0 1 1 0 0 0 0 0 0 1 0 1 0 > * X]
 +       1      * <0 1 0 0 0.555556 0 0 0 0 1 1 0 0 0 0 0 0 0 0 0 0 0.215622 1 0 0 0 0 0 1 0 0 0 1 1 0 0 0 0 1 0 0 1 0 0 1 0 0.127273 0 0 1 0 1 0 0.5 0 0 1 0 0 0 0 > * X]
 +       1      * <1 0 0 0 0.111111 0 0 1 0 0 0 0 1 0 0 0 0 0 0 0 0 0.638896 1 0 0 0 0 0 0 0 0 1 1 0 0 1 0 0 1 0 0 1 0 0 0 1 0.6 0 0 1 0 0 1 0 0 0 0 1 0 1 0 > * X]
 -       0.2819 * <0 0 1 0 0.111111 0 1 0 0 0 0 0 0 1 0 0 0 0 0 0 0 0.01334 0 0 0 1 0 0 0 1 0 0 0.666667 0 1 0 0 0 1 0 0 0.666667 1 0 0 0 0.4 0 0 1 1 0 0 0.5 0 0 1 0 0 0 0 > * X]
 +       1      * <0 1 0 0 0.777778 1 0 0 0 0 0 0 0 0 0 0 0 0 0 1 0 0.301535 0 1 0 0 0 0 0 0 1 0 1 0 0 1 0 0 1 0 0 1 0 0 0 1 0.254545 0 0 1 0 0 1 0 0 1 0 0 1 0 0 > * X]
 +       1      * <0 0 1 0 0.222222 0 0 1 0 0 0 0 0 1 0 0 0 0 0 0 0 0.155214 1 0 0 0 0 0 0 1 0 0 1 0 0 1 0 0 0 1 0 0.333333 1 0 0 0 0.309091 0 1 0 0 1 0 0 0 0 1 0 0 0 0 > * X]
 -       1      * <0 1 0 0 0.074074 0 0 1 0 0 1 0 0 0 0 0 0 0 0 0 0 0.592164 1 0 0 0 0 1 0 0 0 0 0.333333 0 0 1 0 0 1 0 0 1 0 0 0 1 0.909091 1 0 0 0 0 1 0 0 0 0 1 0 1 0 > * X]
 -       0.3874 * <0 1 0 0 0.222222 0 0 0 0 1 0 0 0 0 0 0 0 0 0 1 0 0.280225 1 0 0 0 0 1 0 0 0 0 0.666667 0 0 0 1 0 1 0 0 0.666667 0 0 1 0 0.363636 0 0 1 0 1 0 1 1 0 0 0 1 1 0 > * X]
 -       0.7575 * <0 1 0 0 0.111111 0 0 1 0 0 0 0 0 1 0 0 0 0 0 0 0 0.076181 0 0 1 0 0 0 0 1 0 0 0.666667 1 0 0 0 0 1 0 0 0 0 0 1 0 0.109091 0 0 1 0 1 0 0 0 0 1 0 0 1 0 > * X]
 -       0.9303 * <1 0 0 0 0.055556 0 0 0 0 1 0 0 0 1 0 0 0 0 0 0 0 0.074503 1 0 0 0 0 0 0 1 0 0 1 0 0 1 0 0 1 0 0 1 1 0 0 0 0.090909 0 0 1 0 1 0 0.5 0 1 0 0 0 0 0 > * X]
 -       0.1301 * <0 1 0 0 0.777778 0 0 1 0 0 0 0 0 1 0 0 0 0 0 0 0 0.312862 0 0 0 0 1 0 0 0 1 0 1 0 0 1 0 0 1 0 0 0 0 0 1 0 0.381818 0 0 1 0 1 0 0.5 0 0 1 0 1 1 0 > * X]
 +       1      * <1 0 0 0 0.222222 0 0 1 0 0 0 0 0 1 0 0 0 0 0 0 0 0.09187 1 0 0 0 0 0 0 1 0 0 1 0 0 0 1 0 1 0 0 0.666667 1 0 0 0 0.109091 1 0 0 0 1 0 0 0 0 1 0 0 0 0 > * X]
 -       1      * <0 1 0 0 0.444444 0 0 1 0 0 0 0 1 0 0 0 0 0 0 0 0 0.300529 1 0 0 0 0 0 1 0 0 0 0.333333 0 0 0 1 0 1 0 0 0 0 1 0 0 0.036364 0 0 1 0 1 0 0 0 0 1 0 0 0 0 > * X]
 -       0.2367 * <0 0 0 1 0.111111 0 0 1 0 0 0 0 0 0 0 0 0 0 0 1 0 0.108398 1 0 0 0 0 0 0 0 1 0 0.333333 0 0 1 0 0 1 0 0 1 0 0 1 0 0.290909 0 0 1 0 1 0 0 0 0 1 0 0 1 0 > * X]
 +       1      * <0 1 0 0 0.333333 0 0 1 0 0 0 1 0 0 0 0 0 0 0 0 0 0.948905 1 0 0 0 0 0 0 1 0 0 0 0 1 0 0 0 1 0 0 1 0 0 1 0 0.054545 0 0 1 1 0 0 0.5 0 0 0 1 0 0 0 > * X]
 -       0.7254 * <1 0 0 0 0 0 0 0 0 1 1 0 0 0 0 0 0 0 0 0 0 0.051179 1 0 0 0 0 0 0 0 0 1 0 0 1 0 0 0 1 0 0 1 0 0 0 1 0.345455 0 0 1 0 1 0 0.5 0 0 1 0 0 1 0 > * X]
 +       1      * <0 0 0 1 0.555556 0 0 0 1 0 0 0 0 0 0 0 0 0 0 1 0 0.648544 0 0 0 0 1 0 1 0 0 0 1 0 0 1 0 0 1 0 0 1 0 0 1 0 0.127273 0 0 1 1 0 0 0.5 0 0 1 0 0 1 0 > * X]
 -       0.4088 * <1 0 0 0 0.166667 0 0 0 0 1 0 0 1 0 0 0 0 0 0 0 0 0.103029 1 0 0 0 0 0 0 0 0 1 1 0 0 1 0 0 1 0 0 1 0 0 1 0 0.436364 0 0 1 0 1 0 0.5 0 0 1 0 1 1 0 > * X]
 -       0.7101 * <1 0 0 0 0 0 0 0 0 1 1 0 0 0 0 0 0 0 0 0 0 0.28744 1 0 0 0 0 0 0 1 0 0 0 0 0 1 0 0 1 0 0 0.666667 1 0 0 0 0.309091 0 0 1 1 0 0 1 0 0 1 0 1 0 0 > * X]
 -       1      * <1 0 0 0 0.333333 0 0 1 0 0 0 0 0 1 0 0 0 0 0 0 0 0.179042 1 0 0 0 0 0 0 0 0 1 1 0 0 1 0 0 1 0 0 1 1 0 0 0 0.8 1 0 0 1 0 0 0 0 1 0 0 0 0 0 > * X]
 -       0.0858 * <0 0 0 1 0.111111 0 0 1 0 0 0 1 0 0 0 0 0 0 0 0 0 0.097575 0 0 0 1 0 0 0 0 1 0 0.666667 0 0 1 0 0 1 0 0 0.333333 0 1 0 0 0.636364 0 0 1 0 1 0 0 0 0 1 0 0 0 1 > * X]
 -       0.0037 * <0 0 1 0 0.074074 0 0 1 0 0 0 0 0 0 1 0 0 0 0 0 0 0.081802 1 0 0 0 0 0 0 1 0 0 0.333333 0 0 1 0 0 1 0 0 0.333333 0 0 1 0 0.309091 0 0 1 0 1 0 0 0 0 1 0 0 1 0 > * X]
 -       0.7654 * <0 0 0 1 0.074074 0 0 1 0 0 0 0 0 0 0 0 1 0 0 0 0 0.04002 0 0 1 0 0 0 0 0 0 1 1 0 0 1 0 0 1 0 0 1 0 0 0 1 0.472727 0 0 1 0 0 1 0 0 0 1 0 0 1 0 > * X]
 +       1      * <1 0 0 0 0 0 0 0 0 1 0 0 1 0 0 0 0 0 0 0 0 0.262942 1 0 0 0 0 0 0 1 0 0 0 1 0 0 0 0 1 0 0 1 1 0 0 0 0.436364 0 0 1 1 0 0 0 0 0 0 1 0 1 0 > * X]
 -       0.5829 * <1 0 0 0 0 0 0 0 0 1 1 0 0 0 0 0 0 0 0 0 0 0.034902 0 0 0 1 0 0 0 0 1 0 0.666667 0 1 0 0 0 1 0 0 1 1 0 0 0 0.345455 0 0 1 0 1 0 0.5 0 1 0 0 0 1 0 > * X]
 +       1      * <1 0 0 0 0.259259 0 0 0 0 1 1 0 0 0 0 0 0 0 0 0 0 0.166541 1 0 0 0 0 0 0 1 0 0 1 0 0 0 1 0 0 0 1 0.333333 0 1 0 0 0.236364 1 0 0 1 0 0 0.5 0 0 1 0 0 0 1 > * X]
 +       1      * <1 0 0 0 0.111111 0 0 1 0 0 0 1 0 0 0 0 0 0 0 0 0 0.263109 1 0 0 0 0 0 0 0 0 1 0.666667 0 0 1 0 0 1 0 0 1 0 0 0 1 0.272727 0 0 1 0 0 1 0 0 0 1 0 0 1 0 > * X]
 -       0.9419 * <0 1 0 0 0.111111 0 0 0 0 1 0 0 0 0 1 0 0 0 0 0 0 0.098498 1 0 0 0 0 0 0 0 1 0 1 0 0 1 0 0 1 0 0 0.666667 0 1 0 0 0.109091 0 0 1 0 1 0 0 0 0 1 0 0 0 0 > * X]
 -       0.7686 * <0 1 0 0 0.777778 0 1 0 0 0 1 0 0 0 0 0 0 0 0 0 0 1 0 0 0 0 1 1 0 0 0 0 1 0 0 1 0 0 0 1 0 1 0 0 0 1 0.290909 0 0 1 0 0 1 0 0 0 0 1 0 1 0 > * X]
 -       0.5312 * <0 0 0 1 0.111111 0 0 1 0 0 1 0 0 0 0 0 0 0 0 0 0 0.137092 1 0 0 0 0 0 0 0 0 1 1 0 0 1 0 0 1 0 0 1 0 0 1 0 0.345455 0 0 1 0 1 0 0 0 0 0 1 0 1 0 > * X]
 -       0.1255 * <0 1 0 0 0.111111 1 0 0 0 0 0 0 0 0 0 0 0 0 1 0 0 0.097324 1 0 0 0 0 0 0 1 0 0 0.333333 0 0 1 0 0 1 0 0 0.333333 1 0 0 0 0.2 0 0 1 0 1 0 0 0 1 0 0 0 1 0 > * X]
 -       0.5767 * <0 0 1 0 0.555556 0 0 1 0 0 0 0 0 1 0 0 0 0 0 0 0 0.354308 1 0 0 0 0 0 0 0 0 1 1 0 0 1 0 0 1 0 0 0.333333 0 0 1 0 0.2 0 0 1 0 1 0 0 0 0 1 0 0 0 0 > * X]
 -       0.6324 * <1 0 0 0 0 0 0 0 0 1 0 0 1 0 0 0 0 0 0 0 0 0.136085 1 0 0 0 0 1 0 0 0 0 1 0 0 1 0 0 1 0 0 1 0 0 0 1 0.290909 0 0 1 0 0 1 1 0 0 0 1 0 1 0 > * X]
 -       0.2527 * <0 0 0 1 0.111111 0 0 0 0 1 0 0 0 0 0 0 0 0 0 1 0 0.085074 0 0 0 0 1 0 0 0 0 1 1 0 0 1 0 0 1 0 0 1 0 0 0 1 0.672727 0 0 1 1 0 0 0 0 1 0 0 0 0 0 > * X]
 +       1      * <1 0 0 0 0.111111 0 0 1 0 0 1 0 0 0 0 0 0 0 0 0 0 0.085913 1 0 0 0 0 0 1 0 0 0 0.666667 0 1 0 0 0 1 0 0 0 1 0 0 0 0.309091 0 0 1 0 1 0 0 0 1 0 0 0 0 0 > * X]
 +       1      * <1 0 0 0 0.777778 0 1 0 0 0 0 0 0 0 0 0 0 0 0 1 0 0.623794 1 0 0 0 0 0 0 0 1 0 0.333333 0 1 0 0 0 0 0 1 1 0 0 1 0 0.309091 0 0 1 1 0 0 0 0 0 1 0 0 0 0 > * X]
 -       0.7236 * <1 0 0 0 0.111111 0 0 0 0 1 0 1 0 0 0 0 0 0 0 0 0 0.09724 1 0 0 0 0 0 0 0 0 1 1 0 0 1 0 0 1 0 0 0.666667 1 0 0 0 0.618182 0 0 1 0 1 0 0 0 0 1 0 0 0 0 > * X]
 +       1      * <1 0 0 0 1 0 0 1 0 0 0 0 0 0 0 0 0 0 0 1 0 0.591241 1 0 0 0 0 0 0 0 0 1 1 0 0 1 0 0 0 1 0 1 0 0 0 1 0.290909 0 0 1 1 0 0 0 0 0 1 0 0 0 0 > * X]
 -       0.4387 * <0 1 0 0 0.222222 0 0 0 1 0 0 0 0 0 0 0 0 0 0 1 0 0.18265 0 0 0 0 1 0 0 0 0 1 1 0 0 1 0 0 1 0 0 0.333333 0 1 0 0 0.4 0 0 1 0 1 0 0.5 0 0 1 0 0 0 0 > * X]
 +       1      * <0 1 0 0 0.333333 0 0 1 0 0 0 0 0 1 0 0 0 0 0 0 0 0.150096 1 0 0 0 0 0 1 0 0 0 0 0 0 0 1 0 1 0 0 0 0 1 0 0 0.036364 0 0 1 0 1 0 0 0 0 1 0 0 1 0 > * X]
 -       0.6454 * <0 0 0 1 0.222222 0 0 1 0 0 1 0 0 0 0 0 0 0 0 0 0 0.131722 1 0 0 0 0 0 0 1 0 0 0.333333 0 0 0 1 0 1 0 0 0.333333 0 1 0 0 0.181818 0 0 1 0 1 0 0 0 0 0 1 0 1 0 > * X]
 -       0.0543 * <0 0 0 1 0.555556 0 0 0 1 0 1 0 0 0 0 0 0 0 0 0 0 0.891434 1 0 0 0 0 0 0 0 0 1 0.333333 0 0 1 0 0 1 0 0 0.333333 0 0 1 0 0.454545 0 0 1 0 1 0 0.5 0 0 1 0 1 1 0 > * X]
 -       0.1215 * <0 1 0 0 0.277778 0 0 0 0 1 0 0 0 0 0 0 0 0 0 1 0 0.285427 1 0 0 0 0 0 0 0 1 0 0.333333 0 0 1 0 0 1 0 0 0.666667 0 1 0 0 0.127273 0 0 1 0 1 0 0.5 0 0 1 0 0 0 0 > * X]
 +       1      * <0 0 1 0 0.055556 0 0 1 0 0 0 0 0 1 0 0 0 0 0 0 0 0.04153 1 0 0 0 0 0 0 1 0 0 0.666667 0 1 0 0 0 1 0 0 0.333333 1 0 0 0 0.145455 0 0 1 0 1 0 0 0 1 0 0 0 0 0 > * X]
 -       0.1553 * <0 0 0 1 0.111111 0 0 0 0 1 0 0 0 0 0 0 1 0 0 0 0 0.209581 1 0 0 0 0 0 0 0 0 1 0.333333 0 1 0 0 0 1 0 0 1 0 0 0 1 0.672727 1 0 0 0 0 1 1 0 1 0 0 0 0 0 > * X]
 +       1      * <1 0 0 0 0.111111 1 0 0 0 0 0 0 0 1 0 0 0 0 0 0 0 0.499119 1 0 0 0 0 0 0 1 0 0 1 0 0 1 0 0 1 0 0 0.333333 0 1 0 0 0.145455 0 0 1 1 0 0 0.5 0 0 1 0 0 1 0 > * X]
 -       0.5203 * <0 0 1 0 0.222222 0 0 1 0 0 0 0 1 0 0 0 0 0 0 0 0 0.234835 1 0 0 0 0 0 1 0 0 0 0 0 1 0 0 0 1 0 0 0 0 1 0 0 0.454545 0 1 0 0 1 0 0 0 1 0 0 0 0 0 > * X]
 -       0.2934 * <0 0 0 1 0.111111 0 0 0 0 1 0 0 0 0 0 0 1 0 0 0 0 0.278127 0 0 0 0 1 0 1 0 0 0 0.333333 0 0 1 0 0 1 0 0 0 0 1 0 0 0.309091 0 0 1 0 1 0 0.5 0 1 0 0 1 0 0 > * X]
 -       0.2566 * <0 0 0 1 0 0 0 0 0 1 1 0 0 0 0 0 0 0 0 0 0 0 0 0 0 1 0 0 0 1 0 0 0.333333 0 1 0 0 0 1 0 0 0.333333 1 0 0 0 0.381818 1 0 0 0 1 0 0.5 0 1 0 0 0 0 0 > * X]
 +       1      * <1 0 0 0 0.333333 0 0 1 0 0 0 0 1 0 0 0 0 0 0 0 0 0.250357 1 0 0 0 0 0 1 0 0 0 1 0 1 0 0 0 1 0 0 1 1 0 0 0 0.054545 0 0 1 1 0 0 0 0 1 0 0 0 1 0 > * X]
 -       0.7678 * <1 0 0 0 0.444444 0 0 0 0 1 0 1 0 0 0 0 0 0 0 0 0 0.498112 0 1 0 0 0 0 0 0 1 0 0 0 0 0 1 0 1 0 0 1 0 0 1 0 0.072727 0 0 1 1 0 0 0.5 0 0 1 0 0 0 0 > * X]
 +       1      * <0 1 0 0 0.055556 0 0 0 0 1 0 0 0 0 0 0 1 0 0 0 0 0.074335 0 0 0 1 0 0 0 0 0 1 1 0 0 1 0 0 1 0 0 0.666667 0 0 0 1 0.218182 0 0 1 0 0 1 0.5 0 0 1 0 1 0 0 > * X]
 -       0.1654 * <0 0 0 1 0.333333 0 0 1 0 0 0 0 1 0 0 0 0 0 0 0 0 0.235926 0 0 1 0 0 0 0 0 0 1 1 0 0 1 0 0 1 0 0 0.666667 0 0 0 1 0.218182 0 0 1 1 0 0 0 0 0 1 0 0 1 0 > * X]
 +       1      * <1 0 0 0 0.111111 0 0 1 0 0 0 0 1 0 0 0 0 0 0 0 0 0.086584 1 0 0 0 0 0 0 1 0 0 0.333333 0 1 0 0 0 1 0 0 1 0 0 1 0 0 0 0 1 1 0 0 0 0 0 1 0 0 0 0 > * X]
 +       1      * <1 0 0 0 0.111111 0 0 1 0 0 1 0 0 0 0 0 0 0 0 0 0 0.195402 1 0 0 0 0 0 1 0 0 0 1 0 0 1 0 0 1 0 0 0 1 0 0 0 0.236364 0 0 1 0 1 0 0 0 1 0 0 1 0 0 > * X]
 -       0.0141 * <0 0 0 1 0 1 0 0 0 0 0 0 0 1 0 0 0 0 0 0 0 0.014766 1 0 0 0 0 0 0 0 0 1 1 0 0 0 1 0 1 0 0 1 0 0 1 0 0.345455 0 0 1 0 1 0 0 0 1 0 0 0 0 0 > * X]
 -       0.5782 * <0 1 0 0 0.111111 0 0 0 1 0 0 0 0 1 0 0 0 0 0 0 0 0.028106 1 0 0 0 0 0 0 1 0 0 1 0 0 0 1 0 0 1 0 1 1 0 0 0 0 0 0 1 1 0 0 0.5 0 0 1 0 0 0 0 > * X]
 -       0.1581 * <0 0 0 1 0.111111 0 0 1 0 0 1 0 0 0 0 0 0 0 0 0 0 0.071399 1 0 0 0 0 0 0 1 0 0 0.666667 0 0 0 1 0 1 0 0 0.333333 1 0 0 0 0.127273 0 0 1 0 1 0 0.5 0 0 1 0 0 1 0 > * X]
 -       0.3045 * <1 0 0 0 0.055556 0 0 0 0 1 0 0 0 0 0 1 0 0 0 0 0 0.087088 0 1 0 0 0 0 0 0 0 1 0.666667 0 0 1 0 0 0 0 1 1 1 0 0 0 0.509091 0 0 1 0 1 0 0.5 0 0 1 0 1 0 1 > * X]
 -       0.649 

Number of support vectors: 106

Number of kernel evaluations: 9503 (85.161% cached)

