SMO

Kernel used:
  RBF Kernel: K(x,y) = exp(-0.10000000149011612*(x-y)^2)

Classifier for classes: good, bad

BinarySMO

 -       0.47   * <0 0 0 1 0.127273 0 0 1 0 0 0 0 0 0 0 0 1 0 0 0 0 0.078042 1 0 0 0 0 0 0 0 0 1 1 0 0 1 0 0 1 0 0 1 0 1 0 0 0.490909 1 0 0 0 1 0 1 0 0 1 0 1 1 0 > * X]
 +       1      * <1 0 0 0 0.563636 0 0 1 0 0 0 0 0 0 0 0 1 0 0 0 0 0.117916 0 0 0 0 1 0 0 0 0 1 1 0 0 1 0 0 1 0 0 1 0 0 0 1 0.363636 0 0 1 0 1 0 0 0 0 0 1 0 1 0 > * X]
 -       0.7298 * <1 0 0 0 0.090909 0 0 0 0 1 0 0 1 0 0 0 0 0 0 0 0 0.128499 0 0 0 0 1 0 1 0 0 0 0.333333 0 1 0 0 0 0 1 0 0.666667 1 0 0 0 0.127273 0 0 1 1 0 0 0.5 0 0 1 0 0 0 1 > * X]
 -       0.3809 * <0 0 0 1 0.418182 0 1 0 0 0 0 1 0 0 0 0 0 0 0 0 0 0.517138 0 0 0 0 1 0 1 0 0 0 0.666667 0 0 1 0 0 0 0 1 1 1 0 0 0 0.363636 1 0 0 1 0 0 0.5 0 0 1 0 1 1 0 > * X]
 -       0.3252 * <1 0 0 0 0.018182 0 0 0 0 1 0 0 1 0 0 0 0 0 0 0 0 0.110747 1 0 0 0 0 1 0 0 0 0 1 0 0 1 0 0 1 0 0 1 0 0 0 1 0.290909 0 0 1 0 0 1 1 0 0 0 1 0 1 0 > * X]
 -       0.7258 * <1 0 0 0 0.018182 0 0 0 0 1 0 0 0 1 0 0 0 0 0 0 0 0.006008 0 0 1 0 0 0 0 0 0 1 1 0 0 1 0 0 1 0 0 1 0 0 1 0 0.581818 0 0 1 0 1 0 0.5 0 0 1 0 0 0 0 > * X]
 -       0.2984 * <0 0 0 1 0.181818 0 0 1 0 0 0 1 0 0 0 0 0 0 0 0 0 0.071692 0 0 0 0 1 0 0 0 0 1 1 0 0 1 0 0 1 0 0 1 0 0 0 1 0.454545 1 0 0 0 0 1 0 0 0 1 0 1 0 0 > * X]
 -       1      * <1 0 0 0 0.345455 0 0 1 0 0 0 1 0 0 0 0 0 0 0 0 0 0.432132 1 0 0 0 0 1 0 0 0 0 1 0 0 1 0 0 1 0 0 0.333333 0 0 0 1 0.163636 0 0 1 0 0 1 0 0 0 0 1 0 1 0 > * X]
 -       1      * <1 0 0 0 0.763636 0 0 1 0 0 1 0 0 0 0 0 0 0 0 0 0 0.715008 1 0 0 0 0 0 1 0 0 0 0 0 1 0 0 0 1 0 0 0 1 0 0 0 0.272727 0 0 1 0 1 0 0 0 1 0 0 0 1 0 > * X]
 -       0.6955 * <0 0 0 1 0.236364 0 0 1 0 0 0 0 0 1 0 0 0 0 0 0 0 0.082138 1 0 0 0 0 0 1 0 0 0 0.666667 0 1 0 0 0 1 0 0 0 1 0 0 0 0.109091 0 0 1 0 1 0 0 0 0 1 0 0 0 0 > * X]
 +       1      * <0 0 0 1 0.563636 0 0 0 1 0 0 0 0 0 0 0 0 0 0 1 0 0.527789 0 0 0 0 1 0 1 0 0 0 1 0 0 1 0 0 1 0 0 1 0 0 1 0 0.127273 0 0 1 1 0 0 0.5 0 0 1 0 0 1 0 > * X]
 -       0.0276 * <1 0 0 0 0.345455 0 0 1 0 0 0 0 1 0 0 0 0 0 0 0 0 0.510105 0 0 0 0 1 0 1 0 0 0 0 0 1 0 0 0 1 0 0 0.333333 0 1 0 0 0.181818 0 0 1 0 1 0 0 0 0 1 0 0 1 1 > * X]
 +       1      * <1 0 0 0 0.345455 0 0 1 0 0 1 0 0 0 0 0 0 0 0 0 0 0.140175 1 0 0 0 0 0 0 0 0 1 1 0 0 1 0 0 0 1 0 0 1 0 0 0 0.454545 0 0 1 0 1 0 0 0 0 1 0 0 0 0 > * X]
 -       0.9119 * <1 0 0 0 0.018182 0 0 0 0 1 1 0 0 0 0 0 0 0 0 0 0 0.04165 1 0 0 0 0 0 0 0 0 1 0 0 1 0 0 0 1 0 0 1 0 0 0 1 0.345455 0 0 1 0 1 0 0.5 0 0 1 0 0 1 0 > * X]
 +       1      * <0 1 0 0 0.454545 0 0 0 0 1 1 0 0 0 0 0 0 0 0 0 0 0.340298 1 0 0 0 0 1 0 0 0 0 1 0 0 0 1 0 1 0 0 0.333333 0 0 1 0 0.145455 0 0 1 0 1 0 0.5 0 0 0 1 0 0 0 > * X]
 +       1      * <0 1 0 0 0.563636 0 0 0 1 0 1 0 0 0 0 0 0 0 0 0 0 0.134849 1 0 0 0 0 0 0 0 0 1 1 0 0 1 0 0 1 0 0 1 0 0 0 1 0.672727 1 0 0 0 0 1 0.5 0 0 1 0 0 1 0 > * X]
 -       0.986  * <1 0 0 0 0.127273 0 0 0 0 1 0 1 0 0 0 0 0 0 0 0 0 0.087123 1 0 0 0 0 0 0 0 0 1 1 0 0 1 0 0 1 0 0 1 0 0 0 1 0.836364 0 0 1 0 0 1 0.5 0 0 0 1 0 0 0 > * X]
 -       0.2906 * <0 0 0 1 0.563636 0 0 0 0 1 0 0 0 1 0 0 0 0 0 0 0 0.636078 1 0 0 0 0 0 0 1 0 0 0.333333 0 1 0 0 0 1 0 0 0.333333 0 0 1 0 0.2 0 1 0 0 1 0 0.5 0 0 1 0 0 0 0 > * X]
 +       1      * <1 0 0 0 0.236364 0 0 1 0 0 0 0 1 0 0 0 0 0 0 0 0 0.122149 1 0 0 0 0 0 0 1 0 0 0 0 1 0 0 0 1 0 0 1 1 0 0 0 0 1 0 0 1 0 0 0 0 0 1 0 0 0 0 > * X]
 -       1      * <0 1 0 0 0.090909 0 1 0 0 0 0 0 0 1 0 0 0 0 0 0 0 0.054486 1 0 0 0 0 0 0 1 0 0 1 0 0 1 0 0 1 0 0 1 1 0 0 0 0.054545 0 1 0 0 1 0 0 0 1 0 0 0 0 0 > * X]
 -       0.9818 * <0 0 0 1 0.345455 0 0 1 0 0 0 0 0 1 0 0 0 0 0 0 0 0.088898 1 0 0 0 0 0 0 0 1 0 0.666667 0 0 1 0 0 1 0 0 0 0 0 1 0 0.218182 1 0 0 0 1 0 0 0 0 1 0 1 0 0 > * X]
 -       0.8915 * <1 0 0 0 0.454545 0 0 1 0 0 0 0 1 0 0 0 0 0 0 0 0 0.230234 0 0 0 1 0 0 0 0 0 1 1 0 1 0 0 0 1 0 0 1 0 1 0 0 0.672727 0 0 1 1 0 0 0.5 0 0 1 0 0 1 0 > * X]
 +       1      * <0 0 1 0 0.236364 0 0 1 0 0 0 0 0 1 0 0 0 0 0 0 0 0.126314 1 0 0 0 0 0 0 1 0 0 1 0 0 1 0 0 0 1 0 0.333333 1 0 0 0 0.309091 0 1 0 0 1 0 0 0 0 1 0 0 0 0 > * X]
 +       1      * <0 0 0 1 0.127273 0 0 1 0 0 1 0 0 0 0 0 0 0 0 0 0 0.077564 0 0 1 0 0 0 0 1 0 0 0.333333 0 1 0 0 0 1 0 0 0.333333 0 1 0 0 0.109091 0 0 1 0 1 0 0 0 0 1 0 0 0 0 > * X]
 -       1      * <1 0 0 0 0.127273 0 0 1 0 0 0 0 0 1 0 0 0 0 0 0 0 0.085211 1 0 0 0 0 0 0 1 0 0 1 0 1 0 0 0 1 0 0 0 0 0 1 0 0.054545 1 0 0 0 1 0 0 0 0 1 0 0 0 0 > * X]
 -       0.205  * <0 1 0 0 0.2 0 0 0 0 1 1 0 0 0 0 0 0 0 0 0 0 0.063157 1 0 0 0 0 1 0 0 0 0 0.333333 0 0 1 0 0 1 0 0 0.666667 0 0 1 0 0.872727 0 0 1 0 0 1 1 1 0 0 0 0 1 0 > * X]
 -       0.009  * <0 0 0 1 0.345455 0 0 1 0 0 0 0 1 0 0 0 0 0 0 0 0 0.046361 0 0 0 0 1 0 0 0 1 0 1 0 0 1 0 0 1 0 0 0.333333 0 0 1 0 0.2 0 1 0 0 1 0 0 0 0 1 0 0 1 0 > * X]
 +       1      * <0 1 0 0 0.236364 0 0 0 0 1 0 0 0 1 0 0 0 0 0 0 0 0.067937 1 0 0 0 0 0 0 1 0 0 1 0 0 0 1 0 1 0 0 0.333333 0 0 1 0 0.236364 0 0 1 0 1 0 0 0 0 1 0 0 0 0 > * X]
 -       0.4423 * <0 0 1 0 0.127273 0 0 1 0 0 0 0 0 1 0 0 0 0 0 0 0 0.071487 1 0 0 0 0 0 0 1 0 0 0.666667 0 0 0 1 0 1 0 0 1 1 0 0 0 0.054545 0 0 1 1 0 0 0 0 0 1 0 0 0 0 > * X]
 +       1      * <1 0 0 0 0.127273 1 0 0 0 0 0 0 0 1 0 0 0 0 0 0 0 0.406186 1 0 0 0 0 0 0 1 0 0 1 0 0 1 0 0 1 0 0 0.333333 0 1 0 0 0.145455 0 0 1 1 0 0 0.5 0 0 1 0 0 1 0 > * X]
 -       0.1866 * <0 1 0 0 0.454545 0 0 1 0 0 0 0 0 1 0 0 0 0 0 0 0 0.100027 0 0 0 0 1 0 0 1 0 0 1 0 1 0 0 0 1 0 0 0 0 0 1 0 0.109091 0 0 1 0 1 0 0 0 0 1 0 0 0 0 > * X]
 +       1      * <0 1 0 0 0.345455 0 0 0 0 1 0 0 0 0 0 0 0 0 0 1 0 0.115048 1 0 0 0 0 0 0 0 0 1 1 1 0 0 0 0 1 0 0 1 1 0 0 0 0.2 0 0 1 0 1 0 0.5 0 0 1 0 0 1 0 > * X]
 +       1      * <1 0 0 0 0.127273 0 0 1 0 0 1 0 0 0 0 0 0 0 0 0 0 0.069917 1 0 0 0 0 0 1 0 0 0 0.666667 0 1 0 0 0 1 0 0 0 1 0 0 0 0.309091 0 0 1 0 1 0 0 0 1 0 0 0 0 0 > * X]
 -       0.434  * <0 1 0 0 0.236364 0 0 0 1 0 0 0 0 0 0 0 0 0 0 1 0 0.148641 0 0 0 0 1 0 0 0 0 1 1 0 0 1 0 0 1 0 0 0.333333 0 1 0 0 0.4 0 0 1 0 1 0 0.5 0 0 1 0 0 0 0 > * X]
 -       0.1166 * <0 0 0 1 0.127273 0 0 1 0 0 1 0 0 0 0 0 0 0 0 0 0 0.146115 0 0 0 0 1 0 0 0 0 1 1 0 0 1 0 0 1 0 0 0.666667 0 0 1 0 0.545455 0 0 1 0 1 0 0 0 0 1 0 0 1 0 > * X]
 +       1      * <0 1 0 0 0.781818 1 0 0 0 0 0 0 0 0 0 0 0 0 0 1 0 0.245391 0 1 0 0 0 0 0 0 1 0 1 0 0 1 0 0 1 0 0 1 0 0 0 1 0.254545 0 0 1 0 0 1 0 0 1 0 0 1 0 0 > * X]
 +       1      * <1 0 0 0 0.127273 0 0 1 0 0 0 0 1 0 0 0 0 0 0 0 0 0.070463 1 0 0 0 0 0 0 1 0 0 0.333333 0 1 0 0 0 1 0 0 1 0 0 1 0 0 0 0 1 1 0 0 0 0 0 1 0 0 0 0 > * X]
 -       0.014  * <0 0 0 1 0.018182 1 0 0 0 0 0 0 0 1 0 0 0 0 0 0 0 0.012017 1 0 0 0 0 0 0 0 0 1 1 0 0 0 1 0 1 0 0 1 0 0 1 0 0.345455 0 0 1 0 1 0 0 0 1 0 0 0 0 0 > * X]
 -       1      * <0 1 0 0 0.781818 0 0 1 0 0 1 0 0 0 0 0 0 0 0 0 0 0.562406 0 0 0 0 1 0 0 0 1 0 0 0 1 0 0 0 1 0 0 0.333333 0 0 1 0 0.072727 0 0 1 0 1 0 0 0 0 1 0 0 0 0 > * X]
 +       1      * <0 0 0 1 0.236364 0 1 0 0 0 1 0 0 0 0 0 0 0 0 0 0 0.42387 1 0 0 0 0 0 0 0 0 1 0.333333 0 0 1 0 0 1 0 0 1 0 0 0 1 0.345455 1 0 0 0 1 0 0.5 0 0 0 1 1 1 0 > * X]
 +       1      * <1 0 0 0 0.018182 0 0 0 0 1 0 0 1 0 0 0 0 0 0 0 0 0.213983 1 0 0 0 0 0 0 1 0 0 0 1 0 0 0 0 1 0 0 1 1 0 0 0 0.436364 0 0 1 1 0 0 0 0 0 0 1 0 1 0 > * X]
 -       0.12   * <1 0 0 0 0.018182 0 0 0 0 1 1 0 0 0 0 0 0 0 0 0 0 0.028404 0 0 0 1 0 0 0 0 1 0 0.666667 0 1 0 0 0 1 0 0 1 1 0 0 0 0.345455 0 0 1 0 1 0 0.5 0 1 0 0 0 1 0 > * X]
 -       0.4525 * <0 1 0 0 0.781818 0 0 1 0 0 0 0 0 0 0 0 0 0 0 0 1 0.350335 0 0 0 0 1 1 0 0 0 0 0.666667 0 0 1 0 0 1 0 0 1 0 0 0 1 0.363636 1 0 0 0 0 1 0 1 0 0 0 0 1 0 > * X]
 -       0.5682 * <0 0 0 1 0.781818 0 0 0 1 0 0 0 0 1 0 0 0 0 0 0 0 0.477127 0 0 0 0 1 0 0 0 0 1 0.666667 0 0 1 0 0 1 0 0 0.666667 0 0 1 0 0.218182 1 0 0 0 1 0 0.5 0 0 1 0 1 0 0 > * X]
 -       0.2518 * <0 1 0 0 0.290909 0 0 0 0 1 0 0 0 0 0 0 0 0 0 1 0 0.232282 1 0 0 0 0 0 0 0 1 0 0.333333 0 0 1 0 0 1 0 0 0.666667 0 1 0 0 0.127273 0 0 1 0 1 0 0.5 0 0 1 0 0 0 0 > * X]
 +       1      * <0 1 0 0 1 0 0 1 0 0 1 0 0 0 0 0 0 0 0 0 0 0.488734 0 1 0 0 0 0 1 0 0 0 1 0 1 0 0 0 1 0 0 0.333333 0 1 0 0 0.072727 0 0 1 0 1 0 0 0 0 0 1 0 0 0 > * X]
 -       0.37   * <0 1 0 0 0.127273 0 0 1 0 0 0 0 0 1 0 0 0 0 0 0 0 0.061996 0 0 1 0 0 0 0 1 0 0 0.666667 1 0 0 0 0 1 0 0 0 0 0 1 0 0.109091 0 0 1 0 1 0 0 0 0 1 0 0 1 0 > * X]
 -       0.7    * <1 0 0 0 0.454545 1 0 0 0 0 0 0 1 0 0 0 0 0 0 0 0 0.295849 1 0 0 0 0 0 0 1 0 0 0.333333 1 0 0 0 0 0 0 1 0.333333 1 0 0 0 0.218182 0 0 1 0 1 0 0.5 0 0 1 0 0 0 0 > * X]
 +       1      * <1 0 0 0 0.127273 0 0 1 0 0 0 0 1 0 0 0 0 0 0 0 0 0.519937 1 0 0 0 0 0 0 0 0 1 1 0 0 1 0 0 1 0 0 1 0 0 0 1 0.6 0 0 1 0 0 1 0 0 0 0 1 0 1 0 > * X]
 -       0.2199 * <0 0 1 0 0.090909 0 0 0 0 1 1 0 0 0 0 0 0 0 0 0 0 0.036256 1 0 0 0 0 0 0 0 0 1 1 0 0 1 0 0 1 0 0 1 0 0 0 1 0.781818 0 0 1 0 0 1 0.5 0 0 1 0 0 1 0 > * X]
 +       1      * <1 0 0 0 0.418182 0 0 1 0 0 1 0 0 0 0 0 0 0 0 0 0 0.256452 1 0 0 0 0 0 0 1 0 0 0.666667 0 0 1 0 0 1 0 0 0.333333 0 0 1 0 0.454545 0 0 1 0 1 0 0 0 1 0 0 0 0 0 > * X]
 -       1      * <0 1 0 0 0.454545 0 0 1 0 0 0 0 1 0 0 0 0 0 0 0 0 0.244572 1 0 0 0 0 0 1 0 0 0 0.333333 0 0 0 1 0 1 0 0 0 0 1 0 0 0.036364 0 0 1 0 1 0 0 0 0 1 0 0 0 0 > * X]
 -       0.8381 * <0 0 1 0 0.090909 0 0 1 0 0 1 0 0 0 0 0 0 0 0 0 0 0.25256 1 0 0 0 0 0 1 0 0 0 0 0 0 1 0 0 0 0 1 0 0 1 0 0 0.309091 0 0 1 0 1 0 0 0 1 0 0 1 0 0 > * X]
 +       1      * <1 0 0 0 1 0 0 1 0 0 0 0 0 0 0 0 0 0 0 1 0 0.481155 1 0 0 0 0 0 0 0 0 1 1 0 0 1 0 0 0 1 0 1 0 0 0 1 0.290909 0 0 1 1 0 0 0 0 0 1 0 0 0 0 > * X]
 +       1      * <0 1 0 0 0.127273 0 0 1 0 0 1 0 0 0 0 0 0 0 0 0 0 0.071351 1 0 0 0 0 0 1 0 0 0 0.666667 0 1 0 0 0 1 0 0 0 0 0 1 0 0.090909 0 0 1 1 0 0 0 0 0 1 0 0 0 0 > * X]
 +       1      * <1 0 0 0 0.236364 0 0 1 0 0 0 0 0 1 0 0 0 0 0 0 0 0.074764 1 0 0 0 0 0 0 1 0 0 1 0 0 0 1 0 1 0 0 0.666667 1 0 0 0 0.109091 1 0 0 0 1 0 0 0 0 1 0 0 0 0 > * X]
 -       0.1749 * <0 0 0 1 0.127273 0 0 0 0 1 0 0 0 0 0 0 0 0 0 1 0 0.069234 0 0 0 0 1 0 0 0 0 1 1 0 0 1 0 0 1 0 0 1 0 0 0 1 0.672727 0 0 1 1 0 0 0 0 1 0 0 0 0 0 > * X]
 -       0.7589 * <0 1 0 0 0.345455 0 0 0 0 1 0 0 0 0 0 0 1 0 0 0 0 0.375051 1 0 0 0 0 0 1 0 0 0 0.333333 0 1 0 0 0 1 0 0 1 0 0 0 1 0.072727 0 0 1 0 0 1 0.5 0 0 1 0 0 1 0 > * X]
 -       0.2321 * <0 0 0 1 0.127273 0 0 0 0 1 0 0 0 0 0 0 1 0 0 0 0 0.170559 1 0 0 0 0 0 0 0 0 1 0.333333 0 1 0 0 0 1 0 0 1 0 0 0 1 0.672727 1 0 0 0 0 1 1 0 1 0 0 0 0 0 > * X]
 -       0.5092 * <0 0 0 1 0.345455 0 0 1 0 0 0 0 0 1 0 0 0 0 0 0 0 0.112727 0 1 0 0 0 0 0 1 0 0 1 0 0 1 0 0 1 0 0 1 0 0 1 0 0.163636 0 0 1 1 0 0 0 0 0 0 1 0 1 0 > * X]
 -       0.5848 * <1 0 0 0 0.127273 0 0 0 0 1 1 0 0 0 0 0 0 0 0 0 0 0.127816 1 0 0 0 0 0 0 1 0 0 0.666667 0 0 1 0 0 1 0 0 0.333333 1 0 0 0 0.345455 0 0 1 1 0 0 0.5 0 1 0 0 1 0 1 > * X]
 -       0.2199 * <0 0 0 1 0.236364 0 0 1 0 0 0 0 0 1 0 0 0 0 0 0 0 0.059812 0 0 0 0 1 0 1 0 0 0 1 0 1 0 0 0 1 0 0 0.333333 1 0 0 0 0.018182 0 0 1 1 0 0 0 0 0 1 0 0 1 0 > * X]
 +       1      * <0 0 0 1 0.345455 0 0 1 0 0 0 0 0 1 0 0 0 0 0 0 0 0.146593 0 0 1 0 0 0 0 0 0 1 0.666667 0 0 1 0 0 1 0 0 0.333333 0 0 1 0 0.272727 1 0 0 0 1 0 0.5 0 0 1 0 0 1 0 > * X]
 -       1      * <1 0 0 0 0.454545 0 0 1 0 0 0 1 0 0 0 0 0 0 0 0 0 0.246279 1 0 0 0 0 0 0 1 0 0 1 1 0 0 0 0 1 0 0 1 0 1 0 0 0.363636 0 0 1 0 1 0 0 0 0 0 1 0 1 0 > * X]
 -       0.5644 * <0 0 0 1 0.018182 0 0 0 0 1 1 0 0 0 0 0 0 0 0 0 0 0 0 0 0 1 0 0 0 1 0 0 0.333333 0 1 0 0 0 1 0 0 0.333333 1 0 0 0 0.381818 1 0 0 0 1 0 0.5 0 1 0 0 0 0 0 > * X]
 -       0.9493 * <0 1 0 0 0.127273 0 0 0 0 1 0 0 0 0 1 0 0 0 0 0 0 0.080158 1 0 0 0 0 0 0 0 1 0 1 0 0 1 0 0 1 0 0 0.666667 0 1 0 0 0.109091 0 0 1 0 1 0 0 0 0 1 0 0 0 0 > * X]
 +       1      * <0 1 0 0 0.072727 0 0 0 0 1 0 0 0 0 0 0 1 0 0 0 0 0.060494 0 0 0 1 0 0 0 0 0 1 1 0 0 1 0 0 1 0 0 0.666667 0 0 0 1 0.218182 0 0 1 0 0 1 0.5 0 0 1 0 1 0 0 > * X]
 -       0.3528 * <1 0 0 0 0.090909 0 0 1 0 0 0 0 0 1 0 0 0 0 0 0 0 0.140994 1 0 0 0 0 0 0 0 0 1 0.666667 0 0 1 0 0 1 0 0 1 1 0 0 0 0.581818 0 0 1 0 1 0 0 0 1 0 0 0 0 0 > * X]
 -       1      * <0 1 0 0 0.127273 0 0 1 0 0 0 0 1 0 0 0 0 0 0 0 0 0.188925 1 0 0 0 0 0 1 0 0 0 0.666667 0 1 0 0 0 1 0 0 0 1 0 0 0 0.254545 0 0 1 1 0 0 0 0 0 0 1 0 0 0 > * X]
 +       1      * <1 0 0 0 0.236364 0 0 1 0 0 0 0 0 0 0 0 1 0 0 0 0 0.034139 1 0 0 0 0 1 0 0 0 0 1 0 1 0 0 0 1 0 0 0 1 0 0 0 0.127273 0 0 1 0 1 0 0 1 0 0 0 0 0 0 > * X]
 -       0.6972 * <0 0 1 0 0.127273 0 0 1 0 0 0 0 0 1 0 0 0 0 0 0 0 0.111361 1 0 0 0 0 0 0 1 0 0 0.333333 0 1 0 0 0 1 0 0 0.333333 0 0 1 0 0.436364 0 0 1 1 0 0 0 0 1 0 0 0 1 0 > * X]
 -       0.8218 * <0 0 0 1 0.563636 0 0 0 0 1 1 0 0 0 0 0 0 0 0 0 0 0.434521 1 0 0 0 0 0 0 0 0 1 1 0 0 1 0 0 1 0 0 1 0 0 1 0 0.254545 0 0 1 0 1 0 0.5 0 0 0 1 0 1 0 > * X]
 -       0.952  * <0 0 0 1 0.127273 0 0 1 0 0 1 0 0 0 0 0 0 0 0 0 0 0.026628 1 0 0 0 0 0 0 1 0 0 1 1 0 0 0 0 1 0 0 0.333333 1 0 0 0 0.527273 0 0 1 0 1 0 0 0 1 0 0 0 0 0 > * X]
 +       1      * <0 1 0 0 0.563636 0 0 0 0 1 1 0 0 0 0 0 0 0 0 0 0 0.175475 1 0 0 0 0 0 1 0 0 0 1 1 0 0 0 0 1 0 0 1 0 0 1 0 0.127273 0 0 1 0 1 0 0.5 0 0 1 0 0 0 0 > * X]
 -       0.8789 * <0 1 0 0 0.127273 0 0 0 1 0 0 0 0 1 0 0 0 0 0 0 0 0.022873 1 0 0 0 0 0 0 1 0 0 1 0 0 0 1 0 0 1 0 1 1 0 0 0 0 0 0 1 1 0 0 0.5 0 0 1 0 0 0 0 > * X]
 -       0.8297 * <1 0 0 0 0.127273 0 0 0 1 0 1 0 0 0 0 0 0 0 0 0 0 0.074696 1 0 0 0 0 0 0 1 0 0 1 0 0 1 0 0 1 0 0 0.333333 1 0 0 0 0.418182 0 0 1 0 1 0 0.5 0 1 0 0 1 0 0 > * X]
 +       1      * <0 1 0 0 0.454545 1 0 0 0 0 0 0 0 0 0 0 0 0 0 1 0 0.27516 0 1 0 0 0 0 0 1 0 0 1 0 1 0 0 0 1 0 0 1 0 0 1 0 0.109091 0 0 1 1 0 0 0.5 0 1 0 0 0 0 0 > * X]
 -       1      * <1 0 0 0 0.236364 0 0 1 0 0 1 0 0 0 0 0 0 0 0 0 0 0.281988 0 1 0 0 0 0 0 1 0 0 0.666667 0 0 1 0 0 1 0 0 1 0 0 1 0 0.272727 0 0 1 0 1 0 0 0 1 0 0 1 1 0 > * X]
 -       0.4425 * <0 1 0 0 0.236364 0 0 0 0 1 0 0 0 0 0 0 0 0 0 1 0 0.228049 1 0 0 0 0 1 0 0 0 0 0.666667 0 0 0 1 0 1 0 0 0.666667 0 0 1 0 0.363636 0 0 1 0 1 0 1 1 0 0 0 1 1 0 > * X]
 -       1      * <1 0 0 0 0.072727 0 0 0 0 1 1 0 0 0 0 0 0 0 0 0 0 0.174041 1 0 0 0 0 0 0 1 0 0 0.333333 0 0 1 0 0 1 0 0 0.333333 1 0 0 0 0.290909 0 0 1 1 0 0 0.5 0 0 1 0 1 0 0 > * X]
 -       0.0063 * <0 0 0 1 0.127273 0 0 1 0 0 1 0 0 0 0 0 0 0 0 0 0 0.058105 1 0 0 0 0 0 0 1 0 0 0.666667 0 0 0 1 0 1 0 0 0.333333 1 0 0 0 0.127273 0 0 1 0 1 0 0.5 0 0 1 0 0 1 0 > * X]
 +       1      * <1 0 0 0 0.781818 0 1 0 0 0 0 0 0 0 0 0 0 0 0 1 0 0.507647 1 0 0 0 0 0 0 0 1 0 0.333333 0 1 0 0 0 0 0 1 1 0 0 1 0 0.309091 0 0 1 1 0 0 0 0 0 1 0 0 0 0 > * X]
 -       0.9276 * <0 0 0 1 0.127273 0 0 1 0 0 1 0 0 0 0 0 0 0 0 0 0 0.111566 1 0 0 0 0 0 0 0 0 1 1 0 0 1 0 0 1 0 0 1 0 0 1 0 0.345455 0 0 1 0 1 0 0 0 0 0 1 0 1 0 > * X]
 +       1      * <1 0 0 0 0.345455 0 0 1 0 0 1 0 0 0 0 0 0 0 0 0 0 0.196163 1 0 0 0 0 0 1 0 0 0 1 0 1 0 0 0 1 0 0 0 0 1 0 0 0.127273 0 0 1 0 1 0 0 0 0 1 0 0 0 0 > * X]
 -       1      * <0 0 0 1 0.018182 0 0 1 0 0 1 0 0 0 0 0 0 0 0 0 0 0.223133 1 0 0 0 0 0 0 1 0 0 0.333333 0 0 1 0 0 0 0 1 0.666667 0 1 0 0 0.109091 0 0 1 1 0 0 0 0 0 1 0 0 0 0 > * X]
 +       1      * <1 0 0 0 0.018182 0 0 1 0 0 1 0 0 0 0 0 0 0 0 0 0 1 1 0 0 0 0 0 0 0 0 1 0 0 0 1 0 0 1 0 0 1 0 0 0 1 0.872727 1 0 0 0 1 0 0 0 0 0 1 0 1 0 > * X]
 -       0.3464 * <0 0 0 1 0.345455 0 0 0 1 0 0 0 0 0 0 0 0 0 0 1 0 0.246689 1 0 0 0 0 0 0 1 0 0 0 0 0 1 0 0 1 0 0 0.333333 0 0 0 1 0.218182 0 0 1 0 0 1 0 0 0 1 0 0 0 0 > * X]
 -       1      * <1 0 0 0 0.181818 0 0 1 0 0 0 0 0 1 0 0 0 0 0 0 0 0.054827 1 0 0 0 0 0 1 0 0 0 1 0 0 0 1 0 1 0 0 0.333333 1 0 0 0 0.127273 0 0 1 0 1 0 0 0 0 1 0 0 0 1 > * X]
 -       0.1429 * <0 0 0 1 0.290909 0 0 1 0 0 0 0 0 0 0 0 0 0 0 1 0 0.090264 0 0 0 1 0 0 0 0 0 1 1 0 1 0 0 0 1 0 0 1 1 0 0 0 0.290909 1 0 0 0 1 0 0 0 1 0 0 0 0 0 > * X]
 -       0.9576 * <0 1 0 0 0.236364 0 0 1 0 0 0 0 1 0 0 0 0 0 0 0 0 0.187833 1 0 0 0 0 0 0 0 1 0 0.333333 0 1 0 0 0 1 0 0 1 1 0 0 0 0.363636 0 0 1 1 0 0 0 0 0 1 0 0 0 0 > * X]
 +       1      * <1 0 0 0 0.127273 0 0 1 0 0 0 0 0 0 1 0 0 0 0 0 0 0.033525 0 1 0 0 0 1 0 0 0 0 1 0 1 0 0 0 1 0 0 0.666667 0 1 0 0 0.036364 0 0 1 0 1 0 0 0 0 1 0 0 0 0 > * X]
 -       0.1672 * <0 0 0 1 0.563636 0 0 0 1 0 1 0 0 0 0 0 0 0 0 0 0 0.725454 1 0 0 0 0 0 0 0 0 1 0.333333 0 0 1 0 0 1 0 0 0.333333 0 0 1 0 0.454545 0 0 1 0 1 0 0.5 0 0 1 0 1 1 0 > * X]
 -       1      * <0 1 0 0 0.090909 0 0 1 0 0 1 0 0 0 0 0 0 0 0 0 0 0.481906 1 0 0 0 0 1 0 0 0 0 0.333333 0 0 1 0 0 1 0 0 1 0 0 0 1 0.909091 1 0 0 0 0 1 0 0 0 0 1 0 1 0 > * X]
 +       1      * <0 1 0 0 0.181818 0 1 0 0 0 1 0 0 0 0 0 0 0 0 0 0 0.450635 0 1 0 0 0 1 0 0 0 0 0 0 0 1 0 0 1 0 0 0.333333 0 1 0 0 0.254545 0 0 1 0 1 0 0 0 0 0 1 1 1 0 > * X]
 -       1      * <1 0 0 0 0.345455 0 0 1 0 0 0 0 0 1 0 0 0 0 0 0 0 0.145705 1 0 0 0 0 0 0 0 0 1 1 0 0 1 0 0 1 0 0 1 1 0 0 0 0.8 1 0 0 1 0 0 0 0 1 0 0 0 0 0 > * X]
 +       1      * <1 0 0 0 0.127273 0 0 1 0 0 1 0 0 0 0 0 0 0 0 0 0 0.15902 1 0 0 0 0 0 1 0 0 0 1 0 0 1 0 0 1 0 0 0 1 0 0 0 0.236364 0 0 1 0 1 0 0 0 1 0 0 1 0 0 > * X]
 -       0.3501 * <0 0 0 1 0.236364 0 0 1 0 0 1 0 0 0 0 0 0 0 0 0 0 0.107197 1 0 0 0 0 0 0 1 0 0 0.333333 0 0 0 1 0 1 0 0 0.333333 0 1 0 0 0.181818 0 0 1 0 1 0 0 0 0 0 1 0 1 0 > * X]
 -       1      * <1 0 0 0 0.018182 0 0 1 0 0 1 0 0 0 0 0 0 0 0 0 0 0.028131 1 0 0 0 0 0 1 0 0 0 0.666667 0 0 1 0 0 1 0 0 1 1 0 0 0 0.381818 0 0 1 0 1 0 0 0 1 0 0 1 1 0 > * X]
 -       0.4931 * <0 1 0 0 0.181818 0 0 1 0 0 0 0 0 0 0 1 0 0 0 0 0 0.086303 0 1 0 0 0 0 0 1 0 0 1 0 0 1 0 0 0 0 1 0.333333 1 0 0 0 0.036364 0 0 1 0 1 0 0 0 0 1 0 0 0 0 > * X]
 +       1      * <1 0 0 0 0.563636 0 0 1 0 0 0 0 0 1 0 0 0 0 0 0 0 0.140107 1 0 0 0 0 0 0 1 0 0 1 1 0 0 0 0 1 0 0 1 0 0 1 0 0.2 0 0 1 1 0 0 0 0 0 1 0 0 0 0 > * X]
 -       0.6807 * <0 0 1 0 0.345455 0 0 1 0 0 0 0 1 0 0 0 0 0 0 0 0 0.238905 1 0 0 0 0 0 1 0 0 0 0.333333 0 1 0 0 0 1 0 0 1 0 0 1 0 0.109091 0 0 1 0 1 0 0 0 0 1 0 0 0 0 > * X]
 -       0.1632 * <1 0 0 0 0.127273 0 0 0 0 1 0 1 0 0 0 0 0 0 0 0 0 0.079134 1 0 0 0 0 0 0 0 0 1 1 0 0 1 0 0 1 0 0 0.666667 1 0 0 0 0.618182 0 0 1 0 1 0 0 0 0 1 0 0 0 0 > * X]
 -       1      * <1 0 0 0 0.454545 0 0 0 0 1 0 1 0 0 0 0 0 0 0 0 0 0.405367 0 1 0 0 0 0 0 0 1 0 0 0 0 0 1 0 1 0 0 1 0 0 1 0 0.072727 0 0 1 1 0 0 0.5 0 0 1 0 0 0 0 > * X]
 +       1      * <1 0 0 0 0.127273 0 0 1 0 0 1 0 0 0 0 0 0 0 0 0 0 0.034754 1 0 0 0 0 0 0 0 1 0 1 0 0 1 0 0 1 0 0 0.333333 1 0 0 0 0.109091 0 0 1 0 1 0 0 0 0 1 0 0 0 0 > * X]
 -       0.1158 * <0 0 0 1 0.018182 0 0 1 0 0 0 0 1 0 0 0 0 0 0 0 0 0.103509 1 0 0 0 0 0 0 1 0 0 0 0 0 0 1 0 1 0 0 0.333333 0 1 0 0 0.018182 0 0 1 1 0 0 0 0 0 1 0 0 0 0 > * X]
 +       1      * <0 1 0 0 0.127273 0 0 1 0 0 1 0 0 0 0 0 0 0 0 0 0 0.066435 1 0 0 0 0 0 0 0 0 1 0 1 0 0 0 0 1 0 0 0 1 0 0 0 0.472727 0 0 1 1 0 0 0.5 0 0 1 0 0 0 0 > * X]
 +       1      * <0 0 1 0 0.072727 0 0 1 0 0 0 0 0 1 0 0 0 0 0 0 0 0.033798 1 0 0 0 0 0 0 1 0 0 0.666667 0 1 0 0 0 1 0 0 0.333333 1 0 0 0 0.145455 0 0 1 0 1 0 0 0 1 0 0 0 0 0 > * X]
 -       0.0362 * <0 0 1 0 0.127273 0 1 0 0 0 0 0 0 1 0 0 0 0 0 0 0 0.010856 0 0 0 1 0 0 0 1 0 0 0.666667 0 1 0 0 0 1 0 0 0.666667 1 0 0 0 0.4 0 0 1 1 0 0 0.5 0 0 1 0 0 0 0 > * X]
 -       0.196  * <0 0 1 0 0.345455 0 0 0 0 1 0 0 1 0 0 0 0 0 0 0 0 0.229892 0 0 0 0 1 0 0 0 0 1 1 0 0 1 0 0 0 1 0 1 0 0 0 1 0 0 0 1 1 0 0 0.5 0 0 1 0 0 0 0 > * X]
 +       1      * <0 1 0 0 0.345455 0 0 0 0 1 0 0 1 0 0 0 0 0 0 0 0 0.306295 1 0 0 0 0 0 1 0 0 0 0.333333 0 1 0 0 0 1 0 0 1 0 0 1 0 0.090909 1 0 0 0 1 0 0 0 1 0 0 0 0 0 > * X]
 +       1      * <0 0 0 1 0.236364 0 0 0 0 1 1 0 0 0 0 0 0 0 0 0 0 0.087396 1 0 0 0 0 0 0 1 0 0 0.666667 0 0 1 0 0 1 0 0 0.333333 0 1 0 0 0.218182 1 0 0 0 1 0 0.5 0 0 1 0 0 0 0 > * X]
 +       0.7703 * <1 0 0 0 0.236364 0 0 1 0 0 1 0 0 0 0 0 0 0 0 0 0 0.065957 1 0 0 0 0 0 1 0 0 0 1 0 1 0 0 0 1 0 0 0.666667 0 0 1 0 0.054545 0 0 1 1 0 0 0 0 0 1 0 0 1 0 > * X]
 -       0.8912 * <0 1 0 0 0.236364 0 0 1 0 0 0 0 0 0 0 0 0 0 0 1 0 0.113546 0 0 0 1 0 0 1 0 0 0 0.666667 0 0 0 1 0 1 0 0 0.666667 1 0 0 0 0.290909 1 0 0 0 1 0 0 0 0 1 0 0 1 0 > * X]
 -       1      * <0 0 1 0 0.181818 0 0 1 0 0 0 0 0 0 0 0 1 0 0 0 0 0.009695 1 0 0 0 0 0 1 0 0 0 1 0 1 0 0 0 1 0 0 1 0 1 0 0 0.054545 0 0 1 1 0 0 0 0 0 1 0 0 1 0 > * X]
 +       1      * <0 1 0 0 0.454545 0 0 0 1 0 0 0 0 1 0 0 0 0 0 0 0 0.113956 0 1 0 0 0 0 1 0 0 0 1 0 0 1 0 0 1 0 0 0.666667 0 0 0 1 0.181818 0 1 0 0 1 0 0.5 0 0 0 1 0 0 0 > * X]
 -       1      * <1 0 0 0 0.345455 0 0 1 0 0 0 1 0 0 0 0 0 0 0 0 0 0.174928 0 0 0 0 1 0 0 0 0 1 0.333333 0 1 0 0 0 1 0 0 1 1 0 0 0 0.109091 0 0 1 1 0 0 0 0 0 1 0 0 0 0 > * X]
 -       0.7734 * <0 0 0 1 0.018182 0 0 0 0 1 1 0 0 0 0 0 0 0 0 0 0 0.007647 0 1 0 0 0 0 0 1 0 0 1 0 1 0 0 0 1 0 0 1 0 0 1 0 0.581818 0 0 1 0 1 0 0.5 0 1 0 0 0 0 0 > * X]
 -       1      * <0 1 0 0 0.345455 0 0 0 1 0 1 0 0 0 0 0 0 0 0 0 0 0.117097 0 0 0 0 1 0 0 1 0 0 1 0 1 0 0 0 1 0 0 1 0 0 1 0 0.4 0 0 1 1 0 0 0.5 0 0 1 0 0 1 0 > * X]
 -       0.1532 * <0 0 0 1 0.090909 0 0 1 0 0 0 0 0 0 0 0 1 0 0 0 0 0.032569 0 0 1 0 0 0 0 0 0 1 1 0 0 1 0 0 1 0 0 1 0 0 0 1 0.472727 0 0 1 0 0 1 0 0 0 1 0 0 1 0 > * X]
 +       1      * <1 0 0 0 0.272727 0 0 0 0 1 1 0 0 0 0 0 0 0 0 0 0 0.135532 1 0 0 0 0 0 0 1 0 0 1 0 0 0 1 0 0 0 1 0.333333 0 1 0 0 0.236364 1 0 0 1 0 0 0.5 0 0 1 0 0 0 1 > * X]
 +       1      * <1 0 0 0 0.345455 0 0 0 0 1 1 0 0 0 0 0 0 0 0 0 0 0.064796 1 0 0 0 0 0 0 0 0 1 1 0 0 1 0 0 1 0 0 1 0 0 1 0 0.727273 0 0 1 0 1 0 0.5 0 1 0 0 0 0 0 > * X]
 -       0.1444 * <0 1 0 0 0.563636 0 0 1 0 0 0 0 0 0 0 0 1 0 0 0 0 0.23631 0 0 0 0 1 0 0 1 0 0 0.333333 0 0 0 1 0 1 0 0 0.333333 0 0 1 0 0.127273 0 0 1 0 1 0 0 0 0 1 0 0 0 0 > * X]
 +       1      * <0 0 0 1 0.4 0 0 1 0 0 1 0 0 0 0 0 0 0 0 0 0 0.158405 1 0 0 0 0 0 0 1 0 0 0.666667 0 1 0 0 0 1 0 0 0.666667 1 0 0 0 0.018182 0 0 1 1 0 0 0 0 0 1 0 0 0 0 > * X]
 -       0.5824 * <0 0 1 0 0.236364 0 0 1 0 0 0 0 1 0 0 0 0 0 0 0 0 0.19111 1 0 0 0 0 0 1 0 0 0 0 0 1 0 0 0 1 0 0 0 0 1 0 0 0.454545 0 1 0 0 1 0 0 0 1 0 0 0 0 0 > * X]
 +       1      * <1 0 0 0 0.345455 0 1 0 0 0 0 0 0 0 0 0 0 0 0 0 1 0.075652 0 0 0 0 1 0 0 0 0 1 1 0 0 1 0 0 1 0 0 0.666667 0 0 1 0 0.363636 0 1 0 0 1 0 0 0 0 0 1 0 1 0 > * X]
 +       1      * <0 1 0 0 0.345455 0 0 1 0 0 0 0 0 1 0 0 0 0 0 0 0 0.122149 1 0 0 0 0 0 1 0 0 0 0 0 0 0 1 0 1 0 0 0 0 1 0 0 0.036364 0 0 1 0 1 0 0 0 0 1 0 0 1 0 > * X]
 +       1      * <0 0 0 1 0.345455 0 0 0 1 0 0 0 0 0 0 0 0 0 0 1 0 0.573399 1 0 0 0 0 0 1 0 0 0 0.333333 0 0 1 0 0 1 0 0 0.333333 0 0 1 0 0.127273 1 0 0 0 1 0 0.5 0 0 1 0 0 1 0 > * X]
 +       0.6199 * <1 0 0 0 0.127273 0 1 0 0 0 1 0 0 0 0 0 0 0 0 0 0 0.03052 1 0 0 0 0 0 1 0 0 0 1 0 0 1 0 0 1 0 0 0.333333 0 0 1 0 0.472727 1 0 0 0 1 0 0.5 0 0 1 0 0 1 0 > * X]
 -       0.1428 * <0 0 0 1 0.127273 0 0 0 0 1 0 0 0 0 0 0 1 0 0 0 0 0.226342 0 0 0 0 1 0 1 0 0 0 0.333333 0 0 1 0 0 1 0 0 0 0 1 0 0 0.309091 0 0 1 0 1 0 0.5 0 1 0 0 1 0 0 > * X]
 +       1      * <0 1 0 0 0.127273 0 0 1 0 0 1 0 0 0 0 0 0 0 0 0 0 0.029701 1 0 0 0 0 0 0 0 1 0 0.333333 0 0 0 1 0 1 0 0 0.666667 0 0 1 0 0.090909 1 0 0 0 1 0 0 0 1 0 0 0 0 0 > * X]
 -       0.1973 * <0 0 0 1 0.181818 0 0 0 1 0 0 1 0 0 0 0 0 0 0 0 0 0.228322 1 0 0 0 0 0 1 0 0 0 0 0 1 0 0 0 1 0 0 0.333333 0 1 0 0 0.472727 0 0 1 0 1 0 0.5 0 1 0 0 0 0 0 > * X]
 -       1      * <0 1 0 0 0.018182 0 0 0 1 0 0 0 0 0 0 0 0 0 0 1 0 0.081865 0 1 0 0 0 0 0 0 0 1 0 1 0 0 0 0 1 0 0 0.333333 0 0 1 0 0.2 1 0 0 0 1 0 0.5 0 0 1 0 1 0 0 > * X]
 -       0.6792 * <1 0 0 0 0.127273 0 0 1 0 0 0 0 0 1 0 0 0 0 0 0 0 0.030793 1 0 0 0 0 0 0 1 0 0 1 0 0 0 1 0 1 0 0 0.333333 1 0 0 0 0.363636 0 0 1 0 1 0 0 0 1 0 0 0 0 0 > * X]
 +       1      * <1 0 0 0 0.345455 0 0 1 0 0 1 0 0 0 0 0 0 0 0 0 0 0.07654 0 0 0 0 1 0 0 1 0 0 1 0 1 0 0 0 1 0 0 1 1 0 0 0 0.090909 0 0 1 1 0 0 0 0 0 1 0 0 0 0 > * X]
 -       0.0721 * <1 0 0 0 0.018182 0 0 0 0 1 1 0 0 0 0 0 0 0 0 0 0 0.233921 1 0 0 0 0 0 0 1 0 0 0 0 0 1 0 0 1 0 0 0.666667 1 0 0 0 0.309091 0 0 1 1 0 0 1 0 0 1 0 1 0 0 > * X]
 -       1      * <1 0 0 0 0.181818 0 0 1 0 0 0 0 0 0 0 0 0 0 0 1 0 0.037963 1 0 0 0 0 0 0 1 0 0 1 0 1 0 0 0 1 0 0 1 0 1 0 0 0.036364 0 0 1 0 1 0 0 0 1 0 0 0 0 0 > * X]
 +       1      * <0 0 0 1 0.345455 0 0 1 0 0 0 0 0 1 0 0 0 0 0 0 0 0.230165 0 1 0 0 0 0 0 0 0 1 0.333333 0 0 1 0 0 1 0 0 1 0 0 1 0 0.2 0 0 1 0 1 0 0.5 0 0 1 0 0 0 0 > * X]
 +       1      * <0 0 0 1 0.236364 0 0 1 0 0 0 0 1 0 0 0 0 0 0 0 0 0.087601 1 0 0 0 0 0 1 0 0 0 1 0 0 0 1 0 0 1 0 0 0 1 0 0 0.418182 0 0 1 0 1 0 0 0 1 0 0 1 0 0 > * X]
 -       0.5238 * <1 0 0 0 0.345455 0 0 1 0 0 0 0 0 0 0 0 0 0 0 0 1 0.102758 1 0 0 0 0 0 0 0 0 1 1 0 1 0 0 0 0 0 1 1 1 0 0 0 0.690909 0 0 1 0 1 0 0 0 1 0 0 0 1 0 > * X]
 -       0.0973 * <0 1 0 0 0.018182 0 0 1 0 0 0 0 0 1 0 0 0 0 0 0 0 0.055851 1 0 0 0 0 0 0 0 0 1 1 0 0 1 0 0 1 0 0 1 0 0 1 0 0.145455 0 0 1 0 1 0 0 0 0 1 0 1 0 0 > * X]
 -       0.9529 * <0 1 0 0 0.454545 1 0 0 0 0 0 0 0 0 0 0 0 0 0 1 0 0.271132 1 0 0 0 0 0 0 1 0 0 0.333333 0 1 0 0 0 1 0 0 0 0 0 1 0 0.145455 0 0 1 0 1 0 0.5 0 0 1 0 0 0 0 > * X]
 -       1      * <1 0 0 0 0.290909 0 0 0 0 1 1 0 0 0 0 0 0 0 0 0 0 0.092312 1 0 0 0 0 0 0 0 0 1 1 0 0 0 1 0 1 0 0 0.666667 0 0 1 0 0.181818 0 0 1 0 1 0 0.5 0 0 1 0 0 1 0 > * X]
 +       1      * <1 0 0 0 0.345455 0 0 0 1 0 0 0 0 1 0 0 0 0 0 0 0 0.096204 1 0 0 0 0 0 1 0 0 0 1 0 1 0 0 0 1 0 0 0.333333 0 0 1 0 0.163636 0 0 1 1 0 0 0 0 1 0 0 0 1 0 > * X]
 -       0.1428 * <0 1 0 0 0.236364 0 0 0 0 1 0 0 1 0 0 0 0 0 0 0 0 0.417247 1 0 0 0 0 0 0 0 0 1 0.333333 0 0 1 0 0 1 0 0 0 0 0 0 1 0.381818 0 0 1 0 1 0 0 0 0 1 0 0 1 0 > * X]
 -       0.2188 * <0 0 0 1 0.345455 0 0 1 0 0 0 0 0 1 0 0 0 0 0 0 0 0.076881 0 0 1 0 0 0 0 0 1 0 1 0 1 0 0 0 1 0 0 0 0 0 1 0 0.145455 0 0 1 0 1 0 0 0 0 1 0 0 0 0 > * X]
 -       0.3309 * <0 0 1 0 0.181818 0 0 1 0 0 0 0 0 0 0 0 1 0 0 0 0 0.113 1 0 0 0 0 0 0 0 0 1 1 0 0 1 0 0 1 0 0 1 0 0 1 0 0.363636 0 0 1 1 0 0 0 0 0 0 1 0 1 0 > * X]
 -       0.6515 * <0 1 0 0 0.236364 1 0 0 0 0 0 0 1 0 0 0 0 0 0 0 0 0.204424 1 0 0 0 0 0 0 1 0 0 0 0 1 0 0 0 1 0 0 1 0 0 1 0 0.236364 1 0 0 0 1 0 0.5 0 0 1 0 0 1 0 > * X]
 +       1      * <0 1 0 0 0.345455 0 0 1 0 0 0 1 0 0 0 0 0 0 0 0 0 0.263758 0 0 1 0 0 0 1 0 0 0 0.666667 0 1 0 0 0 1 0 0 1 0 0 1 0 0.145455 0 0 1 1 0 0 0 0 0 1 0 0 0 0 > * X]
 -       0.7847 * <0 0 0 1 0.345455 0 0 1 0 0 0 0 1 0 0 0 0 0 0 0 0 0.191998 0 0 1 0 0 0 0 0 0 1 1 0 0 1 0 0 1 0 0 0.666667 0 0 0 1 0.218182 0 0 1 1 0 0 0 0 0 1 0 0 1 0 > * X]
 +       1      * <1 0 0 0 0.127273 0 0 1 0 0 0 1 0 0 0 0 0 0 0 0 0 0.21412 1 0 0 0 0 0 0 0 0 1 0.666667 0 0 1 0 0 1 0 0 1 0 0 0 1 0.272727 0 0 1 0 0 1 0 0 0 1 0 0 1 0 > * X]
 +       1      * <1 0 0 0 0.345455 0 0 1 0 0 0 0 1 0 0 0 0 0 0 0 0 0.203742 1 0 0 0 0 0 1 0 0 0 1 0 1 0 0 0 1 0 0 1 1 0 0 0 0.054545 0 0 1 1 0 0 0 0 1 0 0 0 1 0 > * X]
 +       1      * <0 0 1 0 0.345455 0 0 0 0 1 1 0 0 0 0 0 0 0 0 0 0 0.074696 0 0 0 0 1 0 0 0 1 0 1 0 0 1 0 0 1 0 0 0.333333 1 0 0 0 0.309091 1 0 0 0 1 0 0.5 0 1 0 0 1 0 0 > * X]
 -       1      * <0 1 0 0 0.781818 0 1 0 0 0 1 0 0 0 0 0 0 0 0 0 0 0.813806 0 0 0 0 1 1 0 0 0 0 1 0 0 1 0 0 0 1 0 1 0 0 0 1 0.290909 0 0 1 0 0 1 0 0 0 0 1 0 1 0 > * X]
 +       1      * <1 0 0 0 0.563636 0 0 0 0 1 0 0 1 0 0 0 0 0 0 0 0 0.408234 1 0 0 0 0 0 1 0 0 0 1 0 1 0 0 0 0 1 0 1 0 0 0 1 0.054545 0 0 1 1 0 0 0.5 0 1 0 0 0 1 0 > * X]
 -       1      * <1 0 0 0 0.127273 0 0 1 0 0 0 0 1 0 0 0 0 0 0 0 0 0.109791 1 0 0 0 0 0 1 0 0 0 1 0 1 0 0 0 1 0 0 0 0 0 1 0 0.036364 0 0 1 1 0 0 0 0 0 1 0 0 0 0 > * X]
 +       1      * <0 1 0 0 0.345455 0 0 1 0 0 0 1 0 0 0 0 0 0 0 0 0 0.772224 1 0 0 0 0 0 0 1 0 0 0 0 1 0 0 0 1 0 0 1 0 0 1 0 0.054545 0 0 1 1 0 0 0.5 0 0 0 1 0 0 0 > * X]
 -       0.8569 * <0 0 1 0 0.563636 0 0 1 0 0 0 0 0 1 0 0 0 0 0 0 0 0.288338 1 0 0 0 0 0 0 0 0 1 1 0 0 1 0 0 1 0 0 0.333333 0 0 1 0 0.2 0 0 1 0 1 0 0 0 0 1 0 0 0 0 > * X]
 -       0.7215

Number of support vectors: 157

Number of kernel evaluations: 23778 (84.696% cached)

