SMO

Kernel used:
  RBF Kernel: K(x,y) = exp(-0.10000000149011612*(x-y)^2)

Classifier for classes: good, bad

BinarySMO

      1      * <0 1 0 0 0.127273 0 0 1 0 0 0 0 0 1 0 0 0 0 0 0 0 0.084255 0 0 0 0 1 0 0 1 0 0 0.333333 0 0 0 1 0 1 0 0 0 1 0 0 0 0.090909 0 0 1 0 1 0 0 0 0 1 0 0 1 0 > * X]
 -       0.4278 * <0 1 0 0 0.181818 0 0 1 0 0 0 0 0 0 0 1 0 0 0 0 0 0.16257 0 1 0 0 0 0 0 1 0 0 0.666667 0 1 0 0 0 1 0 0 0.333333 1 0 0 0 0.090909 0 0 1 0 1 0 0 0 1 0 0 0 0 0 > * X]
 -       0.3418 * <0 0 0 1 0.127273 0 0 1 0 0 1 0 0 0 0 0 0 0 0 0 0 0.058105 1 0 0 0 0 0 0 1 0 0 0.666667 0 0 0 1 0 1 0 0 0.333333 1 0 0 0 0.127273 0 0 1 0 1 0 0.5 0 0 1 0 0 1 0 > * X]
 +       1      * <1 0 0 0 0.345455 0 0 1 0 0 1 0 0 0 0 0 0 0 0 0 0 0.311826 1 0 0 0 0 0 0 0 1 0 0.333333 0 0 1 0 0 0 1 0 0.666667 0 1 0 0 0.2 0 0 1 0 1 0 0 0 0 1 0 0 1 0 > * X]
 -       0.807  * <1 0 0 0 0.090909 0 0 0 0 1 0 0 1 0 0 0 0 0 0 0 0 0.128499 0 0 0 0 1 0 1 0 0 0 0.333333 0 1 0 0 0 0 1 0 0.666667 1 0 0 0 0.127273 0 0 1 1 0 0 0.5 0 0 1 0 0 0 1 > * X]
 -       0.7644 * <0 0 0 1 0.127273 0 0 1 0 0 1 0 0 0 0 0 0 0 0 0 0 0.026628 1 0 0 0 0 0 0 1 0 0 1 1 0 0 0 0 1 0 0 0.333333 1 0 0 0 0.527273 0 0 1 0 1 0 0 0 1 0 0 0 0 0 > * X]
 -       1      * <0 1 0 0 0.018182 0 0 0 1 0 0 0 1 0 0 0 0 0 0 0 0 0.054622 1 0 0 0 0 1 0 0 0 0 1 0 0 1 0 0 1 0 0 0 0 1 0 0 0.272727 0 1 0 0 1 0 0.5 0 0 0 1 0 1 0 > * X]
 -       0.0363 * <0 0 0 1 0.127273 0 0 0 0 1 0 0 0 0 0 0 0 0 0 1 0 0.069234 0 0 0 0 1 0 0 0 0 1 1 0 0 1 0 0 1 0 0 1 0 0 0 1 0.672727 0 0 1 1 0 0 0 0 1 0 0 0 0 0 > * X]
 -       1      * <1 0 0 0 0.127273 0 0 1 0 0 0 0 0 1 0 0 0 0 0 0 0 0.085211 1 0 0 0 0 0 0 1 0 0 1 0 1 0 0 0 1 0 0 0 0 0 1 0 0.054545 1 0 0 0 1 0 0 0 0 1 0 0 0 0 > * X]
 -       0.6083 * <0 0 1 0 0.090909 0 0 1 0 0 1 0 0 0 0 0 0 0 0 0 0 0.25256 1 0 0 0 0 0 1 0 0 0 0 0 0 1 0 0 0 0 1 0 0 1 0 0 0.309091 0 0 1 0 1 0 0 0 1 0 0 1 0 0 > * X]
 +       1      * <0 0 1 0 0.236364 0 0 1 0 0 0 0 0 1 0 0 0 0 0 0 0 0.126314 1 0 0 0 0 0 0 1 0 0 1 0 0 1 0 0 0 1 0 0.333333 1 0 0 0 0.309091 0 1 0 0 1 0 0 0 0 1 0 0 0 0 > * X]
 -       1      * <1 0 0 0 0.181818 0 0 0 0 1 0 0 1 0 0 0 0 0 0 0 0 0.080773 1 0 0 0 0 0 0 1 0 0 1 0 1 0 0 0 1 0 0 0.666667 0 1 0 0 0.090909 0 0 1 1 0 0 0.5 0 0 1 0 0 0 0 > * X]
 +       1      * <1 0 0 0 0.127273 0 0 1 0 0 0 0 0 0 1 0 0 0 0 0 0 0.033525 0 1 0 0 0 1 0 0 0 0 1 0 1 0 0 0 1 0 0 0.666667 0 1 0 0 0.036364 0 0 1 0 1 0 0 0 0 1 0 0 0 0 > * X]
 +       1      * <1 0 0 0 0.236364 0 0 1 0 0 0 0 0 1 0 0 0 0 0 0 0 0.160453 1 0 0 0 0 0 0 1 0 0 1 0 0 1 0 0 1 0 0 1 0 0 0 1 0.818182 0 0 1 0 0 1 0.5 0 0 1 0 0 0 0 > * X]
 -       1      * <0 0 1 0 0.345455 0 0 1 0 0 0 0 1 0 0 0 0 0 0 0 0 0.180391 1 0 0 0 0 0 0 0 0 1 0.666667 1 0 0 0 0 1 0 0 1 0 0 0 1 0.563636 0 0 1 0 0 1 0 0 0 1 0 0 0 0 > * X]
 -       0.3557 * <0 0 1 0 0.127273 0 1 0 0 0 0 0 0 1 0 0 0 0 0 0 0 0.010856 0 0 0 1 0 0 0 1 0 0 0.666667 0 1 0 0 0 1 0 0 0.666667 1 0 0 0 0.4 0 0 1 1 0 0 0.5 0 0 1 0 0 0 0 > * X]
 -       0.8251 * <1 0 0 0 0.018182 0 0 0 0 1 0 0 0 1 0 0 0 0 0 0 0 0.006008 0 0 1 0 0 0 0 0 0 1 1 0 0 1 0 0 1 0 0 1 0 0 1 0 0.581818 0 0 1 0 1 0 0.5 0 0 1 0 0 0 0 > * X]
 -       1      * <1 0 0 0 0.345455 0 0 1 0 0 0 1 0 0 0 0 0 0 0 0 0 0.185307 0 0 0 0 1 0 0 0 0 1 1 0 0 1 0 0 1 0 0 1 0 0 0 1 0.527273 1 0 0 0 0 1 0 0 0 1 0 1 1 0 > * X]
 -       1      * <1 0 0 0 0.127273 0 0 0 0 1 1 0 0 0 0 0 0 0 0 0 0 0.127748 1 0 0 0 0 0 0 1 0 0 1 0 0 1 0 0 1 0 0 0.333333 0 1 0 0 0.181818 0 0 1 0 1 0 0.5 0 0 1 0 0 0 0 > * X]
 -       1      * <1 0 0 0 0.454545 0 0 1 0 0 0 1 0 0 0 0 0 0 0 0 0 0.246279 1 0 0 0 0 0 0 1 0 0 1 1 0 0 0 0 1 0 0 1 0 1 0 0 0.363636 0 0 1 0 1 0 0 0 0 0 1 0 1 0 > * X]
 -       1      * <0 1 0 0 0.127273 0 0 1 0 0 0 0 1 0 0 0 0 0 0 0 0 0.188925 1 0 0 0 0 0 1 0 0 0 0.666667 0 1 0 0 0 1 0 0 0 1 0 0 0 0.254545 0 0 1 1 0 0 0 0 0 0 1 0 0 0 > * X]
 -       1      * <1 0 0 0 0.127273 0 0 0 1 0 1 0 0 0 0 0 0 0 0 0 0 0.074696 1 0 0 0 0 0 0 1 0 0 1 0 0 1 0 0 1 0 0 0.333333 1 0 0 0 0.418182 0 0 1 0 1 0 0.5 0 1 0 0 1 0 0 > * X]
 -       1      * <0 1 0 0 0.454545 1 0 0 0 0 0 0 0 0 0 0 0 0 0 1 0 0.271132 1 0 0 0 0 0 0 1 0 0 0.333333 0 1 0 0 0 1 0 0 0 0 0 1 0 0.145455 0 0 1 0 1 0 0.5 0 0 1 0 0 0 0 > * X]
 -       1      * <1 0 0 0 0.181818 0 0 1 0 0 1 0 0 0 0 0 0 0 0 0 0 0.078725 1 0 0 0 0 0 0 1 0 0 0.333333 0 1 0 0 0 1 0 0 1 0 0 1 0 0.145455 0 0 1 1 0 0 0 0 0 1 0 0 0 0 > * X]
 -       0.2466 * <1 0 0 0 0.454545 0 0 0 0 1 0 1 0 0 0 0 0 0 0 0 0 0.708248 1 0 0 0 0 0 0 0 0 1 0.666667 0 0 1 0 0 1 0 0 1 0 0 0 1 0.327273 0 0 1 0 0 1 1 0 0 0 1 1 1 0 > * X]
 -       0.5674 * <0 0 0 1 0.418182 0 1 0 0 0 0 1 0 0 0 0 0 0 0 0 0 0.517138 0 0 0 0 1 0 1 0 0 0 0.666667 0 0 1 0 0 0 0 1 1 1 0 0 0 0.363636 1 0 0 1 0 0 0.5 0 0 1 0 1 1 0 > * X]
 +       1      * <0 1 0 0 0.127273 0 0 1 0 0 1 0 0 0 0 0 0 0 0 0 0 0.029701 1 0 0 0 0 0 0 0 1 0 0.333333 0 0 0 1 0 1 0 0 0.666667 0 0 1 0 0.090909 1 0 0 0 1 0 0 0 1 0 0 0 0 0 > * X]
 +       1      * <0 1 0 0 0.563636 0 0 0 1 0 1 0 0 0 0 0 0 0 0 0 0 0.134849 1 0 0 0 0 0 0 0 0 1 1 0 0 1 0 0 1 0 0 1 0 0 0 1 0.672727 1 0 0 0 0 1 0.5 0 0 1 0 0 1 0 > * X]
 -       1      * <0 0 0 1 0.181818 0 0 0 1 0 0 0 0 1 0 0 0 0 0 0 0 0.083845 1 0 0 0 0 0 0 1 0 0 1 0 0 0 1 0 1 0 0 0.666667 1 0 0 0 0.236364 1 0 0 0 1 0 0.5 0 0 1 0 0 0 0 > * X]
 +       1      * <0 1 0 0 0.072727 0 0 0 0 1 0 0 0 0 0 0 1 0 0 0 0 0.060494 0 0 0 1 0 0 0 0 0 1 1 0 0 1 0 0 1 0 0 0.666667 0 0 0 1 0.218182 0 0 1 0 0 1 0.5 0 0 1 0 1 0 0 > * X]
 -       0.6121 * <1 0 0 0 0.563636 0 0 1 0 0 0 0 1 0 0 0 0 0 0 0 0 0.230097 1 0 0 0 0 0 0 1 0 0 0 0 0 1 0 0 0 0 1 0.333333 0 1 0 0 0.309091 0 0 1 0 1 0 0 0 0 1 0 1 0 0 > * X]
 -       1      * <0 1 0 0 0.090909 0 1 0 0 0 0 0 0 1 0 0 0 0 0 0 0 0.054486 1 0 0 0 0 0 0 1 0 0 1 0 0 1 0 0 1 0 0 1 1 0 0 0 0.054545 0 1 0 0 1 0 0 0 1 0 0 0 0 0 > * X]
 -       0.0028 * <0 1 0 0 0.109091 0 0 0 1 0 0 0 0 1 0 0 0 0 0 0 0 0.308685 1 0 0 0 0 0 0 0 1 0 0.333333 0 0 1 0 0 1 0 0 1 0 1 0 0 0.563636 0 0 1 0 1 0 0 0 0 1 0 0 0 0 > * X]
 -       0.0673 * <0 1 0 0 0.345455 0 0 1 0 0 0 0 0 1 0 0 0 0 0 0 0 0.117233 1 0 0 0 0 0 0 0 0 1 1 0 1 0 0 0 1 0 0 1 0 0 1 0 0 0 0 1 0 1 0 0 0 0 1 0 0 1 0 > * X]
 -       0.436  * <0 0 0 1 0.181818 0 0 1 0 0 1 0 0 0 0 0 0 0 0 0 0 0.346443 0 0 1 0 0 0 0 0 0 1 0 0 1 0 0 0 1 0 0 1 0 0 0 1 0.272727 0 0 1 0 0 1 0 0 0 1 0 0 0 0 > * X]
 +       1      * <1 0 0 0 0.781818 1 0 0 0 0 0 0 1 0 0 0 0 0 0 0 0 0.469002 1 0 0 0 0 0 0 1 0 0 0.666667 0 0 1 0 0 1 0 0 1 0 0 0 1 0.6 0 0 1 0 0 1 0.5 0 0 1 0 1 0 0 > * X]
 +       0.1566 * <1 0 0 0 0.127273 0 1 0 0 0 1 0 0 0 0 0 0 0 0 0 0 0.03052 1 0 0 0 0 0 1 0 0 0 1 0 0 1 0 0 1 0 0 0.333333 0 0 1 0 0.472727 1 0 0 0 1 0 0.5 0 0 1 0 0 1 0 > * X]
 +       1      * <0 1 0 0 0.563636 0 0 1 0 0 0 0 0 0 0 1 0 0 0 0 0 0.145705 1 0 0 0 0 0 1 0 0 0 1 0 0 1 0 0 1 0 0 0 0 0 0 1 0.236364 0 0 1 1 0 0 0 0 1 0 0 0 0 0 > * X]
 -       1      * <1 0 0 0 0.181818 0 0 1 0 0 0 0 0 0 0 0 0 0 0 1 0 0.037963 1 0 0 0 0 0 0 1 0 0 1 0 1 0 0 0 1 0 0 1 0 1 0 0 0.036364 0 0 1 0 1 0 0 0 1 0 0 0 0 0 > * X]
 +       1      * <1 0 0 0 0.236364 1 0 0 0 0 0 0 1 0 0 0 0 0 0 0 0 0.195548 1 0 0 0 0 0 1 0 0 0 0 0 1 0 0 0 1 0 0 1 0 1 0 0 0.109091 0 0 1 1 0 0 0 0 0 1 0 0 0 0 > * X]
 -       0.0249 * <0 0 0 1 0.236364 0 0 1 0 0 1 0 0 0 0 0 0 0 0 0 0 0.107197 1 0 0 0 0 0 0 1 0 0 0.333333 0 0 0 1 0 1 0 0 0.333333 0 1 0 0 0.181818 0 0 1 0 1 0 0 0 0 0 1 0 1 0 > * X]
 -       0.0257 * <0 0 0 1 0.018182 0 1 0 0 0 1 0 0 0 0 0 0 0 0 0 0 0.036392 0 0 0 0 1 0 0 1 0 0 0 0 0 1 0 0 0 0 1 0.333333 1 0 0 0 0.109091 0 1 0 0 1 0 0 0 1 0 0 1 0 0 > * X]
 +       1      * <0 1 0 0 0.127273 0 0 1 0 0 1 0 0 0 0 0 0 0 0 0 0 0.066435 1 0 0 0 0 0 0 0 0 1 0 1 0 0 0 0 1 0 0 0 1 0 0 0 0.472727 0 0 1 1 0 0 0.5 0 0 1 0 0 0 0 > * X]
 +       1      * <0 1 0 0 0.781818 1 0 0 0 0 0 0 0 0 0 0 0 0 0 1 0 0.245391 0 1 0 0 0 0 0 0 1 0 1 0 0 1 0 0 1 0 0 1 0 0 0 1 0.254545 0 0 1 0 0 1 0 0 1 0 0 1 0 0 > * X]
 -       0.2835 * <0 0 1 0 0.345455 0 0 1 0 0 0 0 1 0 0 0 0 0 0 0 0 0.238905 1 0 0 0 0 0 1 0 0 0 0.333333 0 1 0 0 0 1 0 0 1 0 0 1 0 0.109091 0 0 1 0 1 0 0 0 0 1 0 0 0 0 > * X]
 -       0.7228 * <0 1 0 0 0.018182 0 0 0 1 0 0 0 0 0 0 0 0 0 0 1 0 0.081865 0 1 0 0 0 0 0 0 0 1 0 1 0 0 0 0 1 0 0 0.333333 0 0 1 0 0.2 1 0 0 0 1 0 0.5 0 0 1 0 1 0 0 > * X]
 +       1      * <0 1 0 0 0.345455 0 0 0 0 1 0 0 1 0 0 0 0 0 0 0 0 0.306295 1 0 0 0 0 0 1 0 0 0 0.333333 0 1 0 0 0 1 0 0 1 0 0 1 0 0.090909 1 0 0 0 1 0 0 0 1 0 0 0 0 0 > * X]
 -       0.5226 * <0 1 0 0 0.4 0 0 0 1 0 0 1 0 0 0 0 0 0 0 0 0 0.390209 1 0 0 0 0 0 0 0 0 1 0 0 0 1 0 0 1 0 0 0.333333 0 0 1 0 0.181818 0 0 1 0 1 0 0.5 0 0 0 1 0 1 0 > * X]
 +       1      * <0 1 0 0 0.563636 0 0 1 0 0 0 0 1 0 0 0 0 0 0 0 0 0.599754 0 1 0 0 0 0 1 0 0 0 1 0 0 1 0 0 0 1 0 0 0 0 0 1 0.163636 0 0 1 1 0 0 0 0 0 0 1 0 1 0 > * X]
 +       1      * <0 1 0 0 0.781818 0 0 1 0 0 0 0 1 0 0 0 0 0 0 0 0 0.66298 1 0 0 0 0 0 1 0 0 0 0 0 1 0 0 0 1 0 0 0.333333 0 0 1 0 0.109091 0 0 1 0 1 0 0 0 0 1 0 0 1 0 > * X]
 +       1      * <0 0 0 1 0.127273 0 0 1 0 0 1 0 0 0 0 0 0 0 0 0 0 0.077564 0 0 1 0 0 0 0 1 0 0 0.333333 0 1 0 0 0 1 0 0 0.333333 0 1 0 0 0.109091 0 0 1 0 1 0 0 0 0 1 0 0 0 0 > * X]
 -       0.7364 * <0 0 0 1 0.345455 0 0 1 0 0 0 0 1 0 0 0 0 0 0 0 0 0.191998 0 0 1 0 0 0 0 0 0 1 1 0 0 1 0 0 1 0 0 0.666667 0 0 0 1 0.218182 0 0 1 1 0 0 0 0 0 1 0 0 1 0 > * X]
 -       0.769  * <1 0 0 0 0.127273 0 0 1 0 0 1 0 0 0 0 0 0 0 0 0 0 0.232214 0 0 0 1 0 0 0 1 0 0 0 0 0 1 0 0 1 0 0 0.666667 0 1 0 0 0.2 0 0 1 0 1 0 0 0 0 1 0 1 0 0 > * X]
 +       1      * <0 0 0 1 0.563636 0 0 0 1 0 0 0 0 0 0 0 0 0 0 1 0 0.527789 0 0 0 0 1 0 1 0 0 0 1 0 0 1 0 0 1 0 0 1 0 0 1 0 0.127273 0 0 1 1 0 0 0.5 0 0 1 0 0 1 0 > * X]
 +       1      * <1 0 0 0 0.781818 1 0 0 0 0 0 1 0 0 0 0 0 0 0 0 0 0.297351 1 0 0 0 0 0 0 0 0 1 0.666667 0 0 1 0 0 1 0 0 1 0 0 0 1 0.072727 0 0 1 0 0 1 0.5 0 0 1 0 1 0 0 > * X]
 +       1      * <0 1 0 0 0.181818 0 1 0 0 0 1 0 0 0 0 0 0 0 0 0 0 0.450635 0 1 0 0 0 1 0 0 0 0 0 0 0 1 0 0 1 0 0 0.333333 0 1 0 0 0.254545 0 0 1 0 1 0 0 0 0 0 1 1 1 0 > * X]
 +       1      * <0 0 0 1 0.563636 0 0 1 0 0 0 0 0 0 0 0 1 0 0 0 0 0.107128 1 0 0 0 0 0 0 1 0 0 1 0 0 1 0 0 1 0 0 1 0 0 0 1 0.309091 0 1 0 0 0 1 0 0 0 1 0 0 1 0 > * X]
 -       0.2168 * <1 0 0 0 0.454545 0 0 0 0 1 0 1 0 0 0 0 0 0 0 0 0 0.405367 0 1 0 0 0 0 0 0 1 0 0 0 0 0 1 0 1 0 0 1 0 0 1 0 0.072727 0 0 1 1 0 0 0.5 0 0 1 0 0 0 0 > * X]
 -       0.659  * <0 0 0 1 0.345455 0 0 1 0 0 0 0 0 1 0 0 0 0 0 0 0 0.200123 1 0 0 0 0 0 1 0 0 0 1 0 1 0 0 0 1 0 0 1 0 1 0 0 0.109091 0 0 1 0 1 0 0 0 0 1 0 0 1 0 > * X]
 -       1      * <0 1 0 0 0.236364 0 0 0 0 1 0 0 1 0 0 0 0 0 0 0 0 0.417247 1 0 0 0 0 0 0 0 0 1 0.333333 0 0 1 0 0 1 0 0 0 0 0 0 1 0.381818 0 0 1 0 1 0 0 0 0 1 0 0 1 0 > * X]
 +       1      * <1 0 0 0 0.345455 0 1 0 0 0 0 0 0 0 0 0 0 0 0 0 1 0.075652 0 0 0 0 1 0 0 0 0 1 1 0 0 1 0 0 1 0 0 0.666667 0 0 1 0 0.363636 0 1 0 0 1 0 0 0 0 0 1 0 1 0 > * X]
 -       0.1739 * <0 1 0 0 0.2 0 0 0 0 1 1 0 0 0 0 0 0 0 0 0 0 0.063157 1 0 0 0 0 1 0 0 0 0 0.333333 0 0 1 0 0 1 0 0 0.666667 0 0 1 0 0.872727 0 0 1 0 0 1 1 1 0 0 0 0 1 0 > * X]
 -       1      * <0 1 0 0 0.563636 0 0 1 0 0 0 0 0 1 0 0 0 0 0 0 0 0.14154 1 0 0 0 0 0 0 0 1 0 1 0 0 1 0 0 1 0 0 1 0 0 1 0 0.072727 0 0 1 1 0 0 0 0 0 1 0 0 0 0 > * X]
 +       1      * <0 1 0 0 0.454545 0 0 0 1 0 0 0 0 1 0 0 0 0 0 0 0 0.113956 0 1 0 0 0 0 1 0 0 0 1 0 0 1 0 0 1 0 0 0.666667 0 0 0 1 0.181818 0 1 0 0 1 0 0.5 0 0 0 1 0 0 0 > * X]
 -       1      * <1 0 0 0 0.236364 0 0 1 0 0 0 0 1 0 0 0 0 0 0 0 0 0.232145 1 0 0 0 0 0 1 0 0 0 0 0 1 0 0 0 1 0 0 1 0 0 1 0 0.036364 0 0 1 1 0 0 0 0 0 1 0 0 0 0 > * X]
 -       1      * <1 0 0 0 0.181818 0 0 1 0 0 0 0 0 1 0 0 0 0 0 0 0 0.054827 1 0 0 0 0 0 1 0 0 0 1 0 0 0 1 0 1 0 0 0.333333 1 0 0 0 0.127273 0 0 1 0 1 0 0 0 0 1 0 0 0 1 > * X]
 +       0.544  * <1 0 0 0 1 0 0 1 0 0 0 0 0 0 0 0 0 0 0 1 0 0.481155 1 0 0 0 0 0 0 0 0 1 1 0 0 1 0 0 0 1 0 1 0 0 0 1 0.290909 0 0 1 1 0 0 0 0 0 1 0 0 0 0 > * X]
 +       1      * <0 1 0 0 0.454545 0 0 0 0 1 0 0 1 0 0 0 0 0 0 0 0 0.55551 1 0 0 0 0 0 0 0 1 0 0.333333 0 0 1 0 0 1 0 0 0.333333 0 1 0 0 0.527273 0 0 1 0 1 0 0 0 0 1 0 0 0 0 > * X]
 -       0.5268 * <1 0 0 0 0.345455 0 0 1 0 0 0 0 1 0 0 0 0 0 0 0 0 0.510105 0 0 0 0 1 0 1 0 0 0 0 0 1 0 0 0 1 0 0 0.333333 0 1 0 0 0.181818 0 0 1 0 1 0 0 0 0 1 0 0 1 1 > * X]
 -       0.2173 * <0 1 0 0 0.563636 0 0 1 0 0 0 0 0 0 0 0 1 0 0 0 0 0.23631 0 0 0 0 1 0 0 1 0 0 0.333333 0 0 0 1 0 1 0 0 0.333333 0 0 1 0 0.127273 0 0 1 0 1 0 0 0 0 1 0 0 0 0 > * X]
 +       1      * <0 0 0 1 0.236364 0 0 0 0 1 1 0 0 0 0 0 0 0 0 0 0 0.087396 1 0 0 0 0 0 0 1 0 0 0.666667 0 0 1 0 0 1 0 0 0.333333 0 1 0 0 0.218182 1 0 0 0 1 0 0.5 0 0 1 0 0 0 0 > * X]
 -       1      * <0 1 0 0 0.345455 0 0 0 1 0 1 0 0 0 0 0 0 0 0 0 0 0.117097 0 0 0 0 1 0 0 1 0 0 1 0 1 0 0 0 1 0 0 1 0 0 1 0 0.4 0 0 1 1 0 0 0.5 0 0 1 0 0 1 0 > * X]
 -       0.5492 * <0 0 1 0 0.345455 0 0 0 0 1 0 0 1 0 0 0 0 0 0 0 0 0.229892 0 0 0 0 1 0 0 0 0 1 1 0 0 1 0 0 0 1 0 1 0 0 0 1 0 0 0 1 1 0 0 0.5 0 0 1 0 0 0 0 > * X]
 -       0.8476 * <0 1 0 0 0.090909 0 0 1 0 0 0 0 1 0 0 0 0 0 0 0 0 0.086781 1 0 0 0 0 0 0 1 0 0 1 1 0 0 0 0 1 0 0 0.333333 0 0 1 0 0.2 0 0 1 0 1 0 0 0 1 0 0 0 0 0 > * X]
 +       1      * <0 1 0 0 1 0 0 1 0 0 1 0 0 0 0 0 0 0 0 0 0 0.488734 0 1 0 0 0 0 1 0 0 0 1 0 1 0 0 0 1 0 0 0.333333 0 1 0 0 0.072727 0 0 1 0 1 0 0 0 0 0 1 0 0 0 > * X]
 +       1      * <0 0 1 0 0.345455 0 0 0 0 1 1 0 0 0 0 0 0 0 0 0 0 0.074696 0 0 0 0 1 0 0 0 1 0 1 0 0 1 0 0 1 0 0 0.333333 1 0 0 0 0.309091 1 0 0 0 1 0 0.5 0 1 0 0 1 0 0 > * X]
 -       0.0241 * <1 0 0 0 0.345455 0 0 0 0 1 0 0 0 1 0 0 0 0 0 0 0 0.066981 0 0 0 1 0 0 0 0 0 1 1 0 1 0 0 0 1 0 0 1 0 1 0 0 0.672727 0 0 1 1 0 0 0.5 0 0 0 1 0 1 0 > * X]
 +       1      * <1 0 0 0 0.236364 0 0 1 0 0 0 0 0 0 0 0 1 0 0 0 0 0.034139 1 0 0 0 0 1 0 0 0 0 1 0 1 0 0 0 1 0 0 0 1 0 0 0 0.127273 0 0 1 0 1 0 0 1 0 0 0 0 0 0 > * X]
 -       0.7167 * <1 0 0 0 0.454545 0 0 1 0 0 0 0 1 0 0 0 0 0 0 0 0 0.230234 0 0 0 1 0 0 0 0 0 1 1 0 1 0 0 0 1 0 0 1 0 1 0 0 0.672727 0 0 1 1 0 0 0.5 0 0 1 0 0 1 0 > * X]
 -       1      * <0 1 0 0 0.090909 0 0 1 0 0 1 0 0 0 0 0 0 0 0 0 0 0.481906 1 0 0 0 0 1 0 0 0 0 0.333333 0 0 1 0 0 1 0 0 1 0 0 0 1 0.909091 1 0 0 0 0 1 0 0 0 0 1 0 1 0 > * X]
 -       1      * <1 0 0 0 0.127273 0 0 1 0 0 0 0 1 0 0 0 0 0 0 0 0 0.158951 1 0 0 0 0 1 0 0 0 0 0.666667 0 1 0 0 0 1 0 0 1 0 0 0 1 0.636364 0 0 1 0 0 1 0 0 0 0 1 0 0 0 > * X]
 -       0.4806 * <0 1 0 0 0.236364 0 0 1 0 0 0 0 0 1 0 0 0 0 0 0 0 0.202308 0 0 1 0 0 0 1 0 0 0 0 0 0 0 1 0 1 0 0 0.666667 1 0 0 0 0.090909 0 0 1 1 0 0 0 0 0 1 0 0 0 0 > * X]
 -       1      * <1 0 0 0 0.454545 1 0 0 0 0 0 0 1 0 0 0 0 0 0 0 0 0.295849 1 0 0 0 0 0 0 1 0 0 0.333333 1 0 0 0 0 0 0 1 0.333333 1 0 0 0 0.218182 0 0 1 0 1 0 0.5 0 0 1 0 0 0 0 > * X]
 -       0.6748 * <1 0 0 0 0.018182 0 0 0 0 1 1 0 0 0 0 0 0 0 0 0 0 0.075857 1 0 0 0 0 0 1 0 0 0 0.333333 0 0 1 0 0 1 0 0 1 1 0 0 0 0.363636 0 0 1 0 1 0 0 0 1 0 0 1 0 1 > * X]
 +       1      * <1 0 0 0 0.127273 0 0 1 0 0 1 0 0 0 0 0 0 0 0 0 0 0.15902 1 0 0 0 0 0 1 0 0 0 1 0 0 1 0 0 1 0 0 0 1 0 0 0 0.236364 0 0 1 0 1 0 0 0 1 0 0 1 0 0 > * X]
 -       1      * <0 1 0 0 0.345455 0 0 0 0 1 0 0 0 0 0 0 1 0 0 0 0 0.375051 1 0 0 0 0 0 1 0 0 0 0.333333 0 1 0 0 0 1 0 0 1 0 0 0 1 0.072727 0 0 1 0 0 1 0.5 0 0 1 0 0 1 0 > * X]
 -       0.6324 * <0 1 0 0 0.236364 0 0 0 1 0 0 0 0 0 0 0 0 0 0 1 0 0.148641 0 0 0 0 1 0 0 0 0 1 1 0 0 1 0 0 1 0 0 0.333333 0 1 0 0 0.4 0 0 1 0 1 0 0.5 0 0 1 0 0 0 0 > * X]
 -       1      * <0 1 0 0 0.781818 0 1 0 0 0 1 0 0 0 0 0 0 0 0 0 0 0.813806 0 0 0 0 1 1 0 0 0 0 1 0 0 1 0 0 0 1 0 1 0 0 0 1 0.290909 0 0 1 0 0 1 0 0 0 0 1 0 1 0 > * X]
 -       1      * <0 1 0 0 0.127273 0 0 0 1 0 0 0 0 1 0 0 0 0 0 0 0 0.022873 1 0 0 0 0 0 0 1 0 0 1 0 0 0 1 0 0 1 0 1 1 0 0 0 0 0 0 1 1 0 0 0.5 0 0 1 0 0 0 0 > * X]
 -       0.6968 * <1 0 0 0 0.454545 0 0 1 0 0 0 0 0 1 0 0 0 0 0 0 0 0.155128 1 0 0 0 0 0 0 0 0 1 0 0 0 1 0 0 0 0 1 0.666667 0 1 0 0 0.345455 0 0 1 0 1 0 0 0 0 1 0 1 0 0 > * X]
 -       0.0013 * <0 0 0 1 0.618182 0 0 1 0 0 0 1 0 0 0 0 0 0 0 0 0 0.158337 0 0 1 0 0 0 0 1 0 0 1 0 0 1 0 0 1 0 0 1 0 0 1 0 0.072727 0 0 1 0 1 0 0 0 0 1 0 0 0 0 > * X]
 -       0.5569 * <0 0 0 1 0.127273 0 0 1 0 0 0 0 0 0 0 0 1 0 0 0 0 0.078042 1 0 0 0 0 0 0 0 0 1 1 0 0 1 0 0 1 0 0 1 0 1 0 0 0.490909 1 0 0 0 1 0 1 0 0 1 0 1 1 0 > * X]
 -       0.9018 * <0 0 0 1 0.236364 0 0 1 0 0 0 0 0 1 0 0 0 0 0 0 0 0.122969 1 0 0 0 0 0 1 0 0 0 1 0 0 1 0 0 1 0 0 0 1 0 0 0 0.236364 0 0 1 0 1 0 0 0 0 1 0 0 0 0 > * X]
 -       0.1311 * <0 1 0 0 0.454545 0 0 1 0 0 0 0 0 1 0 0 0 0 0 0 0 0.100027 0 0 0 0 1 0 0 1 0 0 1 0 1 0 0 0 1 0 0 0 0 0 1 0 0.109091 0 0 1 0 1 0 0 0 0 1 0 0 0 0 > * X]
 -       0.5456 * <0 1 0 0 0.127273 0 0 1 0 0 0 0 0 1 0 0 0 0 0 0 0 0.061996 0 0 1 0 0 0 0 1 0 0 0.666667 1 0 0 0 0 1 0 0 0 0 0 1 0 0.109091 0 0 1 0 1 0 0 0 0 1 0 0 1 0 > * X]
 +       1      * <1 0 0 0 0.127273 0 0 0 0 1 1 0 0 0 0 0 0 0 0 0 0 0.221835 1 0 0 0 0 0 0 1 0 0 0.666667 0 1 0 0 0 0 1 0 0.333333 1 0 0 0 0.163636 0 0 1 0 1 0 0.5 0 0 1 0 0 0 0 > * X]
 -       0.3847 * <0 0 0 1 0.127273 0 0 1 0 0 1 0 0 0 0 0 0 0 0 0 0 0.111566 1 0 0 0 0 0 0 0 0 1 1 0 0 1 0 0 1 0 0 1 0 0 1 0 0.345455 0 0 1 0 1 0 0 0 0 0 1 0 1 0 > * X]
 -       1      * <1 0 0 0 0.345455 0 0 1 0 0 0 0 0 1 0 0 0 0 0 0 0 0.145705 1 0 0 0 0 0 0 0 0 1 1 0 0 1 0 0 1 0 0 1 1 0 0 0 0.8 1 0 0 1 0 0 0 0 1 0 0 0 0 0 > * X]
 -       1      * <1 0 0 0 0.018182 0 0 1 0 0 1 0 0 0 0 0 0 0 0 0 0 0.028131 1 0 0 0 0 0 1 0 0 0 0.666667 0 0 1 0 0 1 0 0 1 1 0 0 0 0.381818 0 0 1 0 1 0 0 0 1 0 0 1 1 0 > * X]
 -       1      * <1 0 0 0 0.236364 1 0 0 0 0 0 0 0 0 0 0 0 0 0 1 0 0.194865 1 0 0 0 0 0 0 0 1 0 0.666667 0 0 1 0 0 1 0 0 0 0 1 0 0 0.2 1 0 0 0 1 0 0 0 0 1 0 0 1 0 > * X]
 +       1      * <0 1 0 0 0.236364 0 0 0 0 1 1 0 0 0 0 0 0 0 0 0 0 0.055032 1 0 0 0 0 0 0 0 0 1 0.666667 0 0 1 0 0 0 0 1 0.666667 1 0 0 0 0.181818 1 0 0 0 1 0 0.5 0 0 1 0 0 0 0 > * X]
 +       1      * <0 0 0 1 0.4 0 0 1 0 0 1 0 0 0 0 0 0 0 0 0 0 0.158405 1 0 0 0 0 0 0 1 0 0 0.666667 0 1 0 0 0 1 0 0 0.666667 1 0 0 0 0.018182 0 0 1 1 0 0 0 0 0 1 0 0 0 0 > * X]
 +       1      * <1 0 0 0 0.236364 0 0 1 0 0 0 0 0 1 0 0 0 0 0 0 0 0.074764 1 0 0 0 0 0 0 1 0 0 1 0 0 0 1 0 1 0 0 0.666667 1 0 0 0 0.109091 1 0 0 0 1 0 0 0 0 1 0 0 0 0 > * X]
 -       0.6107 * <1 0 0 0 0.345455 0 0 0 0 1 0 0 0 0 0 0 0 0 0 1 0 0.077291 0 1 0 0 0 0 0 0 1 0 1 0 0 1 0 0 1 0 0 0 1 0 0 0 0.109091 0 0 1 0 1 0 0.5 0 0 1 0 0 1 0 > * X]
 -       1      * <1 0 0 0 0.127273 0 0 1 0 0 0 0 1 0 0 0 0 0 0 0 0 0.109791 1 0 0 0 0 0 1 0 0 0 1 0 1 0 0 0 1 0 0 0 0 0 1 0 0.036364 0 0 1 1 0 0 0 0 0 1 0 0 0 0 > * X]
 -       1      * <0 1 0 0 0.018182 0 0 1 0 0 0 0 0 0 0 1 0 0 0 0 0 0.013929 1 0 0 0 0 0 1 0 0 0 0.666667 0 0 0 1 0 1 0 0 0 0 1 0 0 0.036364 0 0 1 0 1 0 0 0 1 0 0 0 0 0 > * X]
 -       0.7071 * <1 0 0 0 0.018182 0 0 0 0 1 1 0 0 0 0 0 0 0 0 0 0 0.04165 1 0 0 0 0 0 0 0 0 1 0 0 1 0 0 0 1 0 0 1 0 0 0 1 0.345455 0 0 1 0 1 0 0.5 0 0 1 0 0 1 0 > * X]
 -       0.1141 * <0 1 0 0 0.563636 0 0 0 1 0 0 0 0 0 0 0 0 0 0 1 0 0.655947 0 1 0 0 0 0 0 0 1 0 0 0 0 1 0 0 1 0 0 0.666667 0 1 0 0 0.2 0 0 1 0 1 0 0.5 0 1 0 0 1 1 0 > * X]
 +       1      * <1 0 0 0 0.345455 0 0 1 0 0 1 0 0 0 0 0 0 0 0 0 0 0.140175 1 0 0 0 0 0 0 0 0 1 1 0 0 1 0 0 0 1 0 0 1 0 0 0 0.454545 0 0 1 0 1 0 0 0 0 1 0 0 0 0 > * X]
 -       1      * <0 1 0 0 0.672727 0 0 0 0 1 0 0 0 0 0 0 0 0 0 1 0 0.389458 1 0 0 0 0 0 0 0 1 0 0.333333 0 1 0 0 0 1 0 0 0 1 0 0 0 0.381818 1 0 0 0 1 0 0.5 0 1 0 0 0 0 0 > * X]
 +       1      * <1 0 0 0 0.272727 0 0 0 0 1 1 0 0 0 0 0 0 0 0 0 0 0.135532 1 0 0 0 0 0 0 1 0 0 1 0 0 0 1 0 0 0 1 0.333333 0 1 0 0 0.236364 1 0 0 1 0 0 0.5 0 0 1 0 0 0 1 > * X]
 -       0.0545 * <0 0 0 1 0.236364 0 0 1 0 0 0 0 0 1 0 0 0 0 0 0 0 0.059812 0 0 0 0 1 0 1 0 0 0 1 0 1 0 0 0 1 0 0 0.333333 1 0 0 0 0.018182 0 0 1 1 0 0 0 0 0 1 0 0 1 0 > * X]
 -       0.3491 * <0 0 1 0 0.127273 0 0 1 0 0 0 0 0 1 0 0 0 0 0 0 0 0.111361 1 0 0 0 0 0 0 1 0 0 0.333333 0 1 0 0 0 1 0 0 0.333333 0 0 1 0 0.436364 0 0 1 1 0 0 0 0 1 0 0 0 1 0 > * X]
 +       1      * <1 0 0 0 0.345455 0 0 0 1 0 0 0 0 1 0 0 0 0 0 0 0 0.096204 1 0 0 0 0 0 1 0 0 0 1 0 1 0 0 0 1 0 0 0.333333 0 0 1 0 0.163636 0 0 1 1 0 0 0 0 1 0 0 0 1 0 > * X]
 +       1      * <0 0 0 1 0.345455 0 0 0 1 0 0 0 0 0 0 0 0 0 0 1 0 0.573399 1 0 0 0 0 0 1 0 0 0 0.333333 0 0 1 0 0 1 0 0 0.333333 0 0 1 0 0.127273 1 0 0 0 1 0 0.5 0 0 1 0 0 1 0 > * X]
 -       0.9002 * <0 0 1 0 0.181818 0 0 1 0 0 0 0 0 0 0 0 1 0 0 0 0 0.009695 1 0 0 0 0 0 1 0 0 0 1 0 1 0 0 0 1 0 0 1 0 1 0 0 0.054545 0 0 1 1 0 0 0 0 0 1 0 0 1 0 > * X]
 +       1      * <1 0 0 0 0.563636 0 0 0 0 1 0 0 1 0 0 0 0 0 0 0 0 0.408234 1 0 0 0 0 0 1 0 0 0 1 0 1 0 0 0 0 1 0 1 0 0 0 1 0.054545 0 0 1 1 0 0 0.5 0 1 0 0 0 1 0 > * X]
 +       1      * <0 1 0 0 0.127273 0 0 1 0 0 1 0 0 0 0 0 0 0 0 0 0 0.071351 1 0 0 0 0 0 1 0 0 0 0.666667 0 1 0 0 0 1 0 0 0 0 0 1 0 0.090909 0 0 1 1 0 0 0 0 0 1 0 0 0 0 > * X]
 -       0.5569 * <0 0 1 0 0.090909 0 0 0 0 1 1 0 0 0 0 0 0 0 0 0 0 0.036256 1 0 0 0 0 0 0 0 0 1 1 0 0 1 0 0 1 0 0 1 0 0 0 1 0.781818 0 0 1 0 0 1 0.5 0 0 1 0 0 1 0 > * X]
 +       1      * <1 0 0 0 0.072727 0 0 1 0 0 1 0 0 0 0 0 0 0 0 0 0 0.080022 1 0 0 0 0 0 1 0 0 0 0.666667 0 0 1 0 0 1 0 0 0.333333 0 0 0 1 0.127273 0 0 1 0 0 1 0 0 0 0 1 0 1 0 > * X]
 -       0.6507 * <0 0 0 1 0.345455 0 0 1 0 0 0 0 0 1 0 0 0 0 0 0 0 0.088898 1 0 0 0 0 0 0 0 1 0 0.666667 0 0 1 0 0 1 0 0 0 0 0 1 0 0.218182 1 0 0 0 1 0 0 0 0 1 0 1 0 0 > * X]
 +       1      * <0 1 0 0 0.236364 0 0 0 0 1 0 0 0 1 0 0 0 0 0 0 0 0.067937 1 0 0 0 0 0 0 1 0 0 1 0 0 0 1 0 1 0 0 0.333333 0 0 1 0 0.236364 0 0 1 0 1 0 0 0 0 1 0 0 0 0 > * X]
 -       0.257  * <0 0 1 0 0.236364 0 0 1 0 0 0 0 1 0 0 0 0 0 0 0 0 0.19111 1 0 0 0 0 0 1 0 0 0 0 0 1 0 0 0 1 0 0 0 0 1 0 0 0.454545 0 1 0 0 1 0 0 0 1 0 0 0 0 0 > * X]
 +       1      * <0 1 0 0 0.018182 0 0 0 1 0 1 0 0 0 0 0 0 0 0 0 0 0.065479 1 0 0 0 0 1 0 0 0 0 1 0 0 1 0 0 1 0 0 1 0 1 0 0 0.490909 0 0 1 0 1 0 0 0 0 0 1 0 1 0 > * X]
 -       0.4794 * <1 0 0 0 0.236364 0 0 1 0 0 1 0 0 0 0 0 0 0 0 0 0 0.281988 0 1 0 0 0 0 0 1 0 0 0.666667 0 0 1 0 0 1 0 0 1 0 0 1 0 0.272727 0 0 1 0 1 0 0 0 1 0 0 1 1 0 > * X]
 -       1      * <1 0 0 0 0.236364 0 0 1 0 0 0 0 0 1 0 0 0 0 0 0 0 0.146047 1 0 0 0 0 0 1 0 0 0 1 0 1 0 0 0 1 0 0 0 0 0 1 0 0.127273 0 1 0 0 1 0 0 0 0 1 0 0 0 0 > * X]
 -       1      * <0 1 0 0 0.454545 0 0 1 0 0 0 0 1 0 0 0 0 0 0 0 0 0.244572 1 0 0 0 0 0 1 0 0 0 0.333333 0 0 0 1 0 1 0 0 0 0 1 0 0 0.036364 0 0 1 0 1 0 0 0 0 1 0 0 0 0 > * X]
 +       1      * <1 0 0 0 0.563636 0 0 1 0 0 0 0 0 1 0 0 0 0 0 0 0 0.140107 1 0 0 0 0 0 0 1 0 0 1 1 0 0 0 0 1 0 0 1 0 0 1 0 0.2 0 0 1 1 0 0 0 0 0 1 0 0 0 0 > * X]
 -       1      * <1 0 0 0 0.054545 0 0 0 0 1 0 0 0 0 0 0 0 0 0 0 1 0.062406 1 0 0 0 0 0 0 0 0 1 0.666667 0 0 1 0 0 1 0 0 1 0 0 0 1 0.563636 1 0 0 0 0 1 0.5 0 0 0 1 1 1 0 > * X]
 +       1      * <0 0 1 0 0.072727 0 0 1 0 0 0 0 0 1 0 0 0 0 0 0 0 0.033798 1 0 0 0 0 0 0 1 0 0 0.666667 0 1 0 0 0 1 0 0 0.333333 1 0 0 0 0.145455 0 0 1 0 1 0 0 0 1 0 0 0 0 0 > * X]
 +       1      * <1 0 0 0 0.127273 0 1 0 0 0 0 0 0 1 0 0 0 0 0 0 0 0.12966 1 0 0 0 0 0 0 1 0 0 1 1 0 0 0 0 1 0 0 0 0 0 0 1 0.163636 0 0 1 0 0 1 0 0 0 1 0 0 0 0 > * X]
 -       0.1093 * <1 0 0 0 0.127273 0 0 0 0 1 1 0 0 0 0 0 0 0 0 0 0 0.127816 1 0 0 0 0 0 0 1 0 0 0.666667 0 0 1 0 0 1 0 0 0.333333 1 0 0 0 0.345455 0 0 1 1 0 0 0.5 0 1 0 0 1 0 1 > * X]
 -       0.6281 * <0 0 0 1 0.018182 0 0 1 0 0 1 0 0 0 0 0 0 0 0 0 0 0.223133 1 0 0 0 0 0 0 1 0 0 0.333333 0 0 1 0 0 0 0 1 0.666667 0 1 0 0 0.109091 0 0 1 1 0 0 0 0 0 1 0 0 0 0 > * X]
 +       1      * <0 0 0 1 0.345455 0 0 1 0 0 0 0 0 1 0 0 0 0 0 0 0 0.230165 0 1 0 0 0 0 0 0 0 1 0.333333 0 0 1 0 0 1 0 0 1 0 0 1 0 0.2 0 0 1 0 1 0 0.5 0 0 1 0 0 0 0 > * X]
 +       1      * <1 0 0 0 0.127273 0 0 1 0 0 0 0 1 0 0 0 0 0 0 0 0 0.519937 1 0 0 0 0 0 0 0 0 1 1 0 0 1 0 0 1 0 0 1 0 0 0 1 0.6 0 0 1 0 0 1 0 0 0 0 1 0 1 0 > * X]
 +       1      * <1 0 0 0 0.127273 0 0 1 0 0 1 0 0 0 0 0 0 0 0 0 0 0.069917 1 0 0 0 0 0 1 0 0 0 0.666667 0 1 0 0 0 1 0 0 0 1 0 0 0 0.309091 0 0 1 0 1 0 0 0 1 0 0 0 0 0 > * X]
 +       1      * <0 1 0 0 0.781818 0 1 0 0 0 0 0 0 0 0 0 0 0 0 1 0 0.421002 1 0 0 0 0 0 0 0 0 1 1 0 1 0 0 0 1 0 0 0.666667 0 0 0 1 0.709091 0 0 1 1 0 0 0 0 0 1 0 0 0 0 > * X]
 -       0.2969 * <1 0 0 0 0.018182 0 0 0 0 1 0 0 1 0 0 0 0 0 0 0 0 0.110747 1 0 0 0 0 1 0 0 0 0 1 0 0 1 0 0 1 0 0 1 0 0 0 1 0.290909 0 0 1 0 0 1 1 0 0 0 1 0 1 0 > * X]
 -       0.4682 * <0 1 0 0 0.236364 0 0 1 0 0 0 1 0 0 0 0 0 0 0 0 0 0.172675 1 0 0 0 0 0 0 1 0 0 0 0 0 0 1 0 1 0 0 0.666667 0 0 1 0 0.018182 0 0 1 1 0 0 0 0 0 1 0 0 1 0 > * X]
 -       0.2074 * <1 0 0 0 0.090909 0 0 1 0 0 0 0 0 1 0 0 0 0 0 0 0 0.140994 1 0 0 0 0 0 0 0 0 1 0.666667 0 0 1 0 0 1 0 0 1 1 0 0 0 0.581818 0 0 1 0 1 0 0 0 1 0 0 0 0 0 > * X]
 +       1      * <1 0 0 0 0.127273 0 1 0 0 0 0 0 0 1 0 0 0 0 0 0 0 0.025673 1 0 0 0 0 0 0 1 0 0 1 0 1 0 0 0 1 0 0 1 1 0 0 0 0.072727 1 0 0 0 1 0 0 0 1 0 0 0 0 0 > * X]
 -       1      * <0 1 0 0 0.127273 0 0 0 0 1 0 0 0 0 1 0 0 0 0 0 0 0.080158 1 0 0 0 0 0 0 0 1 0 1 0 0 1 0 0 1 0 0 0.666667 0 1 0 0 0.109091 0 0 1 0 1 0 0 0 0 1 0 0 0 0 > * X]
 -       1      * <0 1 0 0 0.236364 0 0 1 0 0 0 0 0 0 0 0 0 0 0 1 0 0.113546 0 0 0 1 0 0 1 0 0 0 0.666667 0 0 0 1 0 1 0 0 0.666667 1 0 0 0 0.290909 1 0 0 0 1 0 0 0 0 1 0 0 1 0 > * X]
 +       1      * <0 1 0 0 0.345455 0 0 1 0 0 0 0 0 1 0 0 0 0 0 0 0 0.122149 1 0 0 0 0 0 1 0 0 0 0 0 0 0 1 0 1 0 0 0 0 1 0 0 0.036364 0 0 1 0 1 0 0 0 0 1 0 0 1 0 > * X]
 -       0.0692 * <0 0 0 1 0.563636 0 0 0 1 0 1 0 0 0 0 0 0 0 0 0 0 0.725454 1 0 0 0 0 0 0 0 0 1 0.333333 0 0 1 0 0 1 0 0 0.333333 0 0 1 0 0.454545 0 0 1 0 1 0 0.5 0 0 1 0 1 1 0 > * X]
 +       1      * <1 0 0 0 0.454545 0 0 1 0 0 0 0 1 0 0 0 0 0 0 0 0 0.416496 0 0 0 0 1 0 0 0 0 1 1 0 0 1 0 0 1 0 0 1 0 1 0 0 0.2 0 0 1 0 1 0 0 0 0 1 0 0 0 0 > * X]
 +       1      * <0 1 0 0 0.345455 0 0 1 0 0 0 1 0 0 0 0 0 0 0 0 0 0.8418 1 0 0 0 0 0 0 0 0 1 1 0 1 0 0 0 1 0 0 0.333333 0 0 0 1 0.436364 0 0 1 0 0 1 0 0 0 0 1 0 1 0 > * X]
 -       1      * <0 0 0 1 0.345455 0 0 0 1 0 0 0 0 0 0 0 0 0 0 1 0 0.246689 1 0 0 0 0 0 0 1 0 0 0 0 0 1 0 0 1 0 0 0.333333 0 0 0 1 0.218182 0 0 1 0 0 1 0 0 0 1 0 0 0 0 > * X]
 -       0.3033 * <0 0 0 1 0.309091 0 0 1 0 0 1 0 0 0 0 0 0 0 0 0 0 0.070531 0 0 0 0 1 0 0 0 1 0 1 0 1 0 0 0 1 0 0 1 0 1 0 0 0.090909 0 0 1 1 0 0 0 0 0 1 0 0 0 0 > * X]
 -       0.0912 * <1 0 0 0 0.181818 0 0 0 0 1 0 0 1 0 0 0 0 0 0 0 0 0.083845 1 0 0 0 0 0 0 0 0 1 1 0 0 1 0 0 1 0 0 1 0 0 1 0 0.436364 0 0 1 0 1 0 0.5 0 0 1 0 1 1 0 > * X]
 -       1      * <1 0 0 0 0.290909 0 0 0 0 1 1 0 0 0 0 0 0 0 0 0 0 0.092312 1 0 0 0 0 0 0 0 0 1 1 0 0 0 1 0 1 0 0 0.666667 0 0 1 0 0.181818 0 0 1 0 1 0 0.5 0 0 1 0 0 1 0 > * X]
 -       1      * <0 0 0 1 1 0 0 1 0 0 1 0 0 0 0 0 0 0 0 0 0 0.690701 1 0 0 0 0 0 0 0 0 1 0.333333 0 0 1 0 0 1 0 0 1 0 1 0 0 0.4 0 0 1 0 1 0 0 0 0 0 1 0 1 0 > * X]
 -       0.26   * <0 0 0 1 0.781818 0 0 1 0 0 0 0 0 1 0 0 0 0 0 0 0 0.680868 0 0 0 0 1 0 0 0 1 0 1 0 0 1 0 0 1 0 0 0.666667 0 0 1 0 0.309091 0 1 0 0 1 0 0 0 0 1 0 0 1 0 > * X]
 +       1      * <1 0 0 0 0.781818 0 1 0 0 0 0 0 0 0 0 0 0 0 0 1 0 0.507647 1 0 0 0 0 0 0 0 1 0 0.333333 0 1 0 0 0 0 0 1 1 0 0 1 0 0.309091 0 0 1 1 0 0 0 0 0 1 0 0 0 0 > * X]
 -       0.5342 * <0 0 0 1 0.345455 0 0 1 0 0 0 0 0 1 0 0 0 0 0 0 0 0.112727 0 1 0 0 0 0 0 1 0 0 1 0 0 1 0 0 1 0 0 1 0 0 1 0 0.163636 0 0 1 1 0 0 0 0 0 0 1 0 1 0 > * X]
 +       1      * <0 0 0 1 0.236364 0 0 1 0 0 0 0 1 0 0 0 0 0 0 0 0 0.087601 1 0 0 0 0 0 1 0 0 0 1 0 0 0 1 0 0 1 0 0 0 1 0 0 0.418182 0 0 1 0 1 0 0 0 1 0 0 1 0 0 > * X]
 -       0.7111 * <0 0 1 0 0.563636 0 0 1 0 0 0 0 0 1 0 0 0 0 0 0 0 0.288338 1 0 0 0 0 0 0 0 0 1 1 0 0 1 0 0 1 0 0 0.333333 0 0 1 0 0.2 0 0 1 0 1 0 0 0 0 1 0 0 0 0 > * X]
 +       1      * <0 1 0 0 0.345455 0 0 1 0 0 0 1 0 0 0 0 0 0 0 0 0 0.772224 1 0 0 0 0 0 0 1 0 0 0 0 1 0 0 0 1 0 0 1 0 0 1 0 0.054545 0 0 1 1 0 0 0.5 0 0 0 1 0 0 0 > * X]
 -       0.6225 * <0 0 0 1 0.563636 0 0 1 0 0 0 1 0 0 0 0 0 0 0 0 0 0.538236 1 0 0 0 0 0 0 1 0 0 0 0 1 0 0 0 1 0 0 0.333333 0 1 0 0 0.181818 1 0 0 0 1 0 0 0 0 1 0 0 0 0 > * X]
 +       1      * <0 1 0 0 0.563636 0 0 1 0 0 1 0 0 0 0 0 0 0 0 0 0 0.960535 1 0 0 0 0 0 0 0 0 1 1 0 0 1 0 0 1 0 0 0.333333 0 0 0 1 0.672727 0 0 1 0 0 1 0 0 0 0 1 0 1 0 > * X]
 -       1      * <1 0 0 0 0.345455 0 0 1 0 0 0 1 0 0 0 0 0 0 0 0 0 0.432132 1 0 0 0 0 1 0 0 0 0 1 0 0 1 0 0 1 0 0 0.333333 0 0 0 1 0.163636 0 0 1 0 0 1 0 0 0 0 1 0 1 0 > * X]
 -       1      * <1 0 0 0 0.127273 0 0 1 0 0 0 0 0 1 0 0 0 0 0 0 0 0.030793 1 0 0 0 0 0 0 1 0 0 1 0 0 0 1 0 1 0 0 0.333333 1 0 0 0 0.363636 0 0 1 0 1 0 0 0 1 0 0 0 0 0 > * X]
 -       0.4971 * <1 0 0 0 0.127273 0 0 0 0 1 0 1 0 0 0 0 0 0 0 0 0 0.079134 1 0 0 0 0 0 0 0 0 1 1 0 0 1 0 0 1 0 0 0.666667 1 0 0 0 0.618182 0 0 1 0 1 0 0 0 0 1 0 0 0 0 > * X]
 -       0.2883 * <0 1 0 0 0.345455 0 0 0 1 0 0 0 0 1 0 0 0 0 0 0 0 0.088966 0 1 0 0 0 0 0 0 1 0 0.666667 0 1 0 0 0 1 0 0 0.333333 0 1 0 0 0.054545 0 0 1 1 0 0 0.5 0 0 1 0 0 1 0 > * X]
 +       1      * <1 0 0 0 0.345455 0 1 0 0 0 0 0 1 0 0 0 0 0 0 0 0 0.211594 0 0 1 0 0 0 1 0 0 0 1 0 0 1 0 0 1 0 0 1 0 0 0 1 0.181818 0 0 1 0 0 1 0 0 0 1 0 1 1 0 > * X]
 -       1      * <1 0 0 0 0.763636 0 0 1 0 0 1 0 0 0 0 0 0 0 0 0 0 0.715008 1 0 0 0 0 0 1 0 0 0 0 0 1 0 0 0 1 0 0 0 1 0 0 0 0.272727 0 0 1 0 1 0 0 0 1 0 0 0 1 0 > * X]
 -       0.4768 * <0 0 0 1 0.072727 0 0 1 0 0 0 0 1 0 0 0 0 0 0 0 0 0.0777 1 0 0 0 0 0 0 1 0 0 1 0 1 0 0 0 1 0 0 0.333333 1 0 0 0 0.109091 0 0 1 1 0 0 0 0 0 1 0 0 0 0 > * X]
 -       0.9339 * <0 1 0 0 0.236364 1 0 0 0 0 0 0 1 0 0 0 0 0 0 0 0 0.204424 1 0 0 0 0 0 0 1 0 0 0 0 1 0 0 0 1 0 0 1 0 0 1 0 0.236364 1 0 0 0 1 0 0.5 0 0 1 0 0 1 0 > * X]
 +       1      * <1 0 0 0 0.018182 0 0 0 0 1 0 0 1 0 0 0 0 0 0 0 0 0.213983 1 0 0 0 0 0 0 1 0 0 0 1 0 0 0 0 1 0 0 1 1 0 0 0 0.436364 0 0 1 1 0 0 0 0 0 0 1 0 1 0 > * X]
 +       1      * <0 1 0 0 0.454545 0 0 0 0 1 1 0 0 0 0 0 0 0 0 0 0 0.340298 1 0 0 0 0 1 0 0 0 0 1 0 0 0 1 0 1 0 0 0.333333 0 0 1 0 0.145455 0 0 1 0 1 0 0.5 0 0 0 1 0 0 0 > * X]
 -       0.3391 * <0 0 0 1 0.127273 0 0 1 0 0 0 0 0 1 0 0 0 0 0 0 0 0.138536 0 0 0 0 1 0 0 1 0 0 1 0 0 1 0 0 1 0 0 1 0 0 0 1 0.309091 0 0 1 0 0 1 0 0 0 1 0 0 1 0 > * X]
 +       1      * <1 0 0 0 0.345455 0 0 1 0 0 1 0 0 0 0 0 0 0 0 0 0 0.07654 0 0 0 0 1 0 0 1 0 0 1 0 1 0 0 0 1 0 0 1 1 0 0 0 0.090909 0 0 1 1 0 0 0 0 0 1 0 0 0 0 > * X]
 +       1      * <0 0 0 1 0.236364 0 1 0 0 0 1 0 0 0 0 0 0 0 0 0 0 0.42387 1 0 0 0 0 0 0 0 0 1 0.333333 0 0 1 0 0 1 0 0 1 0 0 0 1 0.345455 1 0 0 0 1 0 0.5 0 0 0 1 1 1 0 > * X]
 +       1      * <1 0 0 0 0.127273 0 0 1 0 0 0 0 1 0 0 0 0 0 0 0 0 0.070463 1 0 0 0 0 0 0 1 0 0 0.333333 0 1 0 0 0 1 0 0 1 0 0 1 0 0 0 0 1 1 0 0 0 0 0 1 0 0 0 0 > * X]
 +       1      * <1 0 0 0 0.345455 0 0 1 0 0 1 0 0 0 0 0 0 0 0 0 0 0.196163 1 0 0 0 0 0 1 0 0 0 1 0 1 0 0 0 1 0 0 0 0 1 0 0 0.127273 0 0 1 0 1 0 0 0 0 1 0 0 0 0 > * X]
 -       0.0003 * <0 0 0 1 0.127273 0 0 0 0 1 0 0 0 0 0 0 1 0 0 0 0 0.170559 1 0 0 0 0 0 0 0 0 1 0.333333 0 1 0 0 0 1 0 0 1 0 0 0 1 0.672727 1 0 0 0 0 1 1 0 1 0 0 0 0 0 > * X]
 +       1      * <0 1 0 0 0.563636 0 0 0 0 1 1 0 0 0 0 0 0 0 0 0 0 0.175475 1 0 0 0 0 0 1 0 0 0 1 1 0 0 0 0 1 0 0 1 0 0 1 0 0.127273 0 0 1 0 1 0 0.5 0 0 1 0 0 0 0 > * X]
 +       1      * <0 1 0 0 0.345455 0 0 0 0 1 0 0 0 0 0 0 0 0 0 1 0 0.115048 1 0 0 0 0 0 0 0 0 1 1 1 0 0 0 0 1 0 0 1 1 0 0 0 0.2 0 0 1 0 1 0 0.5 0 0 1 0 0 1 0 > * X]
 +       1      * <1 0 0 0 0.345455 0 0 0 0 1 1 0 0 0 0 0 0 0 0 0 0 0.064796 1 0 0 0 0 0 0 0 0 1 1 0 0 1 0 0 1 0 0 1 0 0 1 0 0.727273 0 0 1 0 1 0 0.5 0 1 0 0 0 0 0 > * X]
 +       1      * <1 0 0 0 0.345455 0 0 1 0 0 0 0 1 0 0 0 0 0 0 0 0 0.203742 1 0 0 0 0 0 1 0 0 0 1 0 1 0 0 0 1 0 0 1 1 0 0 0 0.054545 0 0 1 1 0 0 0 0 1 0 0 0 1 0 > * X]
 -       0.625  * <0 1 0 0 0.072727 0 0 1 0 0 0 0 0 1 0 0 0 0 0 0 0 0.065274 1 0 0 0 0 0 0 0 0 1 1 0 1 0 0 0 1 0 0 1 1 0 0 0 0.090909 0 0 1 0 1 0 0 0 0 1 0 0 0 0 > * X]
 -       0.0298 * <0 1 0 0 0.236364 0 0 1 0 0 0 0 1 0 0 0 0 0 0 0 0 0.187833 1 0 0 0 0 0 0 0 1 0 0.333333 0 1 0 0 0 1 0 0 1 1 0 0 0 0.363636 0 0 1 1 0 0 0 0 0 1 0 0 0 0 > * X]
 +       1      * <1 0 0 0 0.127273 0 0 1 0 0 0 1 0 0 0 0 0 0 0 0 0 0.21412 1 0 0 0 0 0 0 0 0 1 0.666667 0 0 1 0 0 1 0 0 1 0 0 0 1 0.272727 0 0 1 0 0 1 0 0 0 1 0 0 1 0 > * X]
 -       0.2569 * <0 0 0 1 0.090909 0 0 1 0 0 0 0 0 0 0 0 1 0 0 0 0 0.032569 0 0 1 0 0 0 0 0 0 1 1 0 0 1 0 0 1 0 0 1 0 0 0 1 0.472727 0 0 1 0 0 1 0 0 0 1 0 0 1 0 > * X]
 +       1      * <1 0 0 0 0.127273 0 0 1 0 0 1 0 0 0 0 0 0 0 0 0 0 0.034754 1 0 0 0 0 0 0 0 1 0 1 0 0 1 0 0 1 0 0 0.333333 1 0 0 0 0.109091 0 0 1 0 1 0 0 0 0 1 0 0 0 0 > * X]
 +       1      * <0 1 0 0 0.345455 0 0 1 0 0 0 1 0 0 0 0 0 0 0 0 0 0.263758 0 0 1 0 0 0 1 0 0 0 0.666667 0 1 0 0 0 1 0 0 1 0 0 1 0 0.145455 0 0 1 1 0 0 0 0 0 1 0 0 0 0 > * X]
 -       1      * <1 0 0 0 0.345455 0 0 1 0 0 0 1 0 0 0 0 0 0 0 0 0 0.18162 1 0 0 0 0 0 0 0 1 0 0.333333 0 0 1 0 0 1 0 0 0 0 0 0 1 0.254545 0 0 1 0 0 1 0 0 0 0 1 0 1 0 > * X]
 -       0.0077 * <0 0 0 1 0.563636 0 0 0 0 1 0 0 0 1 0 0 0 0 0 0 0 0.636078 1 0 0 0 0 0 0 1 0 0 0.333333 0 1 0 0 0 1 0 0 0.333333 0 0 1 0 0.2 0 1 0 0 1 0 0.5 0 0 1 0 0 0 0 > * X]
 -       0.4366 * <0 0 0 1 0.018182 0 0 0 0 1 1 0 0 0 0 0 0 0 0 0 0 0 0 0 0 1 0 0 0 1 0 0 0.333333 0 1 0 0 0 1 0 0 0.333333 1 0 0 0 0.381818 1 0 0 0 1 0 0.5 0 1 0 0 0 0 0 > * X]
 -       1      * <1 0 0 0 0.181818 0 0 1 0 0 1 0 0 0 0 0 0 0 0 0 0 0.154377 1 0 0 0 0 1 0 0 0 0 0 0 1 0 0 0 1 0 0 1 0 0 1 0 0.054545 0 0 1 1 0 0 0 0 0 1 0 0 0 0 > * X]
 +       1      * <1 0 0 0 0.345455 0 0 1 0 0 0 0 0 1 0 0 0 0 0 0 0 0.149461 1 0 0 0 0 0 1 0 0 0 1 0 1 0 0 0 1 0 0 1 1 0 0 0 0.272727 0 0 1 0 1 0 0 0 0 1 0 0 1 0 > * X]
 -       0.4242 * <0 0 0 1 0.018182 0 0 0 0 1 1 0 0 0 0 0 0 0 0 0 0 0.007647 0 1 0 0 0 0 0 1 0 0 1 0 1 0 0 0 1 0 0 1 0 0 1 0 0.581818 0 0 1 0 1 0 0.5 0 1 0 0 0 0 0 > * X]
 -       0.3033 * <0 0 0 1 0.345455 0 0 0 0 1 0 0 0 0 0 0 1 0 0 0 0 0.091971 1 0 0 0 0 0 0 0 0 1 1 0 0 1 0 0 1 0 0 1 0 0 0 1 0.618182 0 0 1 0 0 1 0.5 0 0 1 0 1 0 0 > * X]
 +       1      * <1 0 0 0 0.236364 0 0 1 0 0 1 0 0 0 0 0 0 0 0 0 0 0.065957 1 0 0 0 0 0 1 0 0 0 1 0 1 0 0 0 1 0 0 0.666667 0 0 1 0 0.054545 0 0 1 1 0 0 0 0 0 1 0 0 1 0 > * X]
 +       1      * <1 0 0 0 0.672727 0 0 0 1 0 0 0 0 1 0 0 0 0 0 0 0 0.281305 1 0 0 0 0 0 0 0 1 0 0.666667 0 0 1 0 0 1 0 0 0.333333 0 1 0 0 0.109091 1 0 0 0 1 0 0.5 0 0 1 0 1 1 0 > * X]
 -       0.4175 * <0 0 0 1 0.127273 0 0 0 0 1 0 0 1 0 0 0 0 0 0 0 0 0.068824 1 0 0 0 0 0 1 0 0 0 0.333333 0 1 0 0 0 1 0 0 1 0 1 0 0 0.036364 0 0 1 1 0 0 0.5 0 1 0 0 0 0 0 > * X]
 +       1      * <1 0 0 0 0.127273 0 0 0 0 1 0 0 1 0 0 0 0 0 0 0 0 0.136283 1 0 0 0 0 0 0 0 0 1 0.666667 0 0 1 0 0 1 0 0 0.666667 0 1 0 0 0.727273 0 0 1 0 1 0 0.5 0 0 1 0 0 0 0 > * X]
 -       0.525  * <0 1 0 0 0.181818 0 0 1 0 0 0 0 0 0 0 1 0 0 0 0 0 0.086303 0 1 0 0 0 0 0 1 0 0 1 0 0 1 0 0 0 0 1 0.333333 1 0 0 0 0.036364 0 0 1 0 1 0 0 0 0 1 0 0 0 0 > * X]
 -       0.1919 * <0 0 1 0 0.181818 0 0 1 0 0 0 0 0 0 0 0 1 0 0 0 0 0.113 1 0 0 0 0 0 0 0 0 1 1 0 0 1 0 0 1 0 0 1 0 0 1 0 0.363636 0 0 1 1 0 0 0 0 0 0 1 0 1 0 > * X]
 -       0.7543 * <1 0 0 0 0.345455 0 0 1 0 0 0 1 0 0 0 0 0 0 0 0 0 0.174928 0 0 0 0 1 0 0 0 0 1 0.333333 0 1 0 0 0 1 0 0 1 1 0 0 0 0.109091 0 0 1 1 0 0 0 0 0 1 0 0 0 0 > * X]
 -       0.5572 * <0 1 0 0 0.127273 0 0 1 0 0 1 0 0 0 0 0 0 0 0 0 0 0.072921 0 0 0 1 0 0 0 0 0 1 1 0 0 1 0 0 1 0 0 1 1 0 0 0 0.618182 0 0 1 0 1 0 0 0 0 1 0 0 1 0 > * X]
 +       1      * <1 0 0 0 0.418182 0 0 1 0 0 1 0 0 0 0 0 0 0 0 0 0 0.256452 1 0 0 0 0 0 0 1 0 0 0.666667 0 0 1 0 0 1 0 0 0.333333 0 0 1 0 0.454545 0 0 1 0 1 0 0 0 1 0 0 0 0 0 > * X]
 +       1      * <0 0 0 1 0.781818 0 0 1 0 0 0 0 0 0 0 0 0 0 0 1 0 0.250171 0 0 0 0 1 0 0 1 0 0 1 1 0 0 0 0 1 0 0 0.333333 1 0 0 0 0.327273 1 0 0 0 1 0 0 0 0 1 0 0 0 0 > * X]
 +       1      * <1 0 0 0 0.018182 0 0 1 0 0 1 0 0 0 0 0 0 0 0 0 0 1 1 0 0 0 0 0 0 0 0 1 0 0 0 1 0 0 1 0 0 1 0 0 0 1 0.872727 1 0 0 0 1 0 0 0 0 0 1 0 1 0 > * X]
 -       0.6756 * <0 1 0 0 0.781818 0 0 1 0 0 0 0 0 0 0 0 0 0 0 0 1 0.350335 0 0 0 0 1 1 0 0 0 0 0.666667 0 0 1 0 0 1 0 0 1 0 0 0 1 0.363636 1 0 0 0 0 1 0 1 0 0 0 0 1 0 > * X]
 -       1      * <1 0 0 0 0.072727 0 0 0 0 1 1 0 0 0 0 0 0 0 0 0 0 0.174041 1 0 0 0 0 0 0 1 0 0 0.333333 0 0 1 0 0 1 0 0 0.333333 1 0 0 0 0.290909 0 0 1 1 0 0 0.5 0 0 1 0 1 0 0 > * X]
 -       0.8143 * <1 0 0 0 0.345455 0 0 1 0 0 0 0 0 0 0 0 0 0 0 0 1 0.102758 1 0 0 0 0 0 0 0 0 1 1 0 1 0 0 0 0 0 1 1 1 0 0 0 0.690909 0 0 1 0 1 0 0 0 1 0 0 0 1 0 > * X]
 -       0.7524 * <0 0 0 1 0.090909 0 0 1 0 0 1 0 0 0 0 0 0 0 0 0 0 0.070804 0 0 0 0 1 0 0 0 0 1 1 0 0 1 0 0 0 1 0 0.333333 0 1 0 0 0.454545 0 0 1 0 1 0 0 0 1 0 0 0 0 1 > * X]
 -       1      * <0 1 0 0 0.618182 0 0 0 1 0 0 0 0 0 0 0 1 0 0 0 0 0.78588 0 1 0 0 0 0 0 0 1 0 0.333333 0 0 1 0 0 1 0 0 0.666667 0 0 0 1 0.218182 0 0 1 1 0 0 0 0 0 1 0 0 1 0 > * X]
 +       1      * <0 1 0 0 0.454545 1 0 0 0 0 0 0 0 0 0 0 0 0 0 1 0 0.27516 0 1 0 0 0 0 0 1 0 0 1 0 1 0 0 0 1 0 0 1 0 0 1 0 0.109091 0 0 1 1 0 0 0.5 0 1 0 0 0 0 0 > * X]
 +       1      * <0 0 0 1 0.345455 0 0 1 0 0 0 0 0 1 0 0 0 0 0 0 0 0.146593 0 0 1 0 0 0 0 0 0 1 0.666667 0 0 1 0 0 1 0 0 0.333333 0 0 1 0 0.272727 1 0 0 0 1 0 0.5 0 0 1 0 0 1 0 > * X]
 -       0.1052 * <0 0 0 1 0.345455 0 0 1 0 0 0 0 0 1 0 0 0 0 0 0 0 0.072443 0 1 0 0 0 0 0 0 1 0 1 0 0 0 1 0 1 0 0 0.666667 0 1 0 0 0.109091 0 0 1 0 1 0 0 0 0 1 0 0 1 0 > * X]
 -       0.8672 * <0 0 0 1 0.563636 0 0 0 0 1 1 0 0 0 0 0 0 0 0 0 0 0.434521 1 0 0 0 0 0 0 0 0 1 1 0 0 1 0 0 1 0 0 1 0 0 1 0 0.254545 0 0 1 0 1 0 0.5 0 0 0 1 0 1 0 > * X]
 +       1      * <0 1 0 0 0.345455 0 0 1 0 0 0 0 0 0 0 0 0 0 0 0 1 0.756384 1 0 0 0 0 0 0 1 0 0 0.333333 0 0 1 0 0 0 1 0 0.666667 0 0 1 0 0.163636 1 0 0 0 1 0 0.5 0 0 0 1 0 1 0 > * X]
 +       1      * <0 0 0 1 0.236364 0 0 0 1 0 0 0 0 0 0 0 0 0 0 1 0 0.131026 1 0 0 0 0 0 0 1 0 0 1 0 0 0 1 0 1 0 0 0.333333 0 0 1 0 0.145455 0 0 1 0 1 0 0 0 0 1 0 0 1 0 > * X]
 -       0.3069 * <0 1 0 0 0.236364 0 0 0 0 1 0 0 0 0 0 0 0 0 0 1 0 0.228049 1 0 0 0 0 1 0 0 0 0 0.666667 0 0 0 1 0 1 0 0 0.666667 0 0 1 0 0.363636 0 0 1 0 1 0 1 1 0 0 0 1 1 0 > * X]
 +       1      * <1 0 0 0 0.563636 0 0 1 0 0 0 0 0 0 0 0 1 0 0 0 0 0.117916 0 0 0 0 1 0 0 0 0 1 1 0 0 1 0 0 1 0 0 1 0 0 0 1 0.363636 0 0 1 0 1 0 0 0 0 0 1 0 1 0 > * X]
 +       1      * <1 0 0 0 0.236364 0 0 1 0 0 0 0 1 0 0 0 0 0 0 0 0 0.122149 1 0 0 0 0 0 0 1 0 0 0 0 1 0 0 0 1 0 0 1 1 0 0 0 0 1 0 0 1 0 0 0 0 0 1 0 0 0 0 > * X]
 -       1      * <1 0 0 0 0.236364 0 0 1 0 0 1 0 0 0 0 0 0 0 0 0 0 0.136488 0 1 0 0 0 0 0 0 1 0 1 0 0 1 0 0 1 0 0 0.666667 0 0 1 0 0.181818 0 0 1 0 1 0 0 0 0 0 1 1 1 0 > * X]
 -       1      * <0 1 0 0 0.781818 0 0 1 0 0 1 0 0 0 0 0 0 0 0 0 0 0.562406 0 0 0 0 1 0 0 0 1 0 0 0 1 0 0 0 1 0 0 0.333333 0 0 1 0 0.072727 0 0 1 0 1 0 0 0 0 1 0 0 0 0 > * X]
 -       0.3171 * <0 0 0 1 0.345455 0 0 0 0 1 0 0 0 1 0 0 0 0 0 0 0 0.331353 1 0 0 0 0 0 1 0 0 0 0.666667 0 0 0 1 0 1 0 0 0.666667 0 0 0 1 0.490909 0 0 1 0 0 1 1 0 0 1 0 0 1 0 > * X]
 +       1      * <1 0 0 0 0.563636 0 0 1 0 0 0 0 1 0 0 0 0 0 0 0 0 0.168101 1 0 0 0 0 0 0 0 0 1 0.333333 0 0 1 0 0 1 0 0 0.333333 0 1 0 0 0.381818 1 0 0 0 1 0 0 0 0 1 0 1 0 0 > * X]
 +       1      * <1 0 0 0 0.127273 0 0 1 0 0 0 0 0 1 0 0 0 0 0 0 0 0.02895 0 1 0 0 0 0 0 0 1 0 1 0 0 0 1 0 1 0 0 0 0 1 0 0 0 0 0 1 0 1 0 0 0 0 1 0 0 0 0 > * X]
 -       1      * <1 0 0 0 0.127273 0 0 0 0 1 0 1 0 0 0 0 0 0 0 0 0 0.087123 1 0 0 0 0 0 0 0 0 1 1 0 0 1 0 0 1 0 0 1 0 0 0 1 0.836364 0 0 1 0 0 1 0.5 0 0 0 1 0 0 0 > * X]
 -       0.6947 * <0 0 0 1 0.781818 0 0 0 1 0 0 0 0 1 0 0 0 0 0 0 0 0.477127 0 0 0 0 1 0 0 0 0 1 0.666667 0 0 1 0 0 1 0 0 0.666667 0 0 1 0 0.218182 1 0 0 0 1 0 0.5 0 0 1 0 1 0 0 > * X]
 +       1      * <1 0 0 0 0.127273 1 0 0 0 0 0 0 0 1 0 0 0 0 0 0 0 0.406186 1 0 0 0 0 0 0 1 0 0 1 0 0 1 0 0 1 0 0 0.333333 0 1 0 0 0.145455 0 0 1 1 0 0 0.5 0 0 1 0 0 1 0 > * X]
 -       0.6426

Number of support vectors: 226

Number of kernel evaluations: 53182 (88.416% cached)

