SMO

Kernel used:
  RBF Kernel: K(x,y) = exp(-0.10000000149011612*(x-y)^2)

Classifier for classes: good, bad

BinarySMO

      0.5206 * <1 0 0 0 0.781818 1 0 0 0 0 0 0 1 0 0 0 0 0 0 0 0 0.469002 1 0 0 0 0 0 0 1 0 0 0.666667 0 0 1 0 0 1 0 0 1 0 0 0 1 0.607143 0 0 1 0 0 1 0.5 0 0 1 0 1 0 0 > * X]
 +       1      * <1 0 0 0 0.563636 0 0 1 0 0 0 1 0 0 0 0 0 0 0 0 0 0.552028 0 0 0 0 1 0 0 0 0 1 0.666667 0 0 1 0 0 1 0 0 1 0 0 0 1 0.5 0 0 1 0 0 1 0 0 0 1 0 0 0 0 > * X]
 +       1      * <0 0 0 1 0.345455 0 0 1 0 0 0 0 0 1 0 0 0 0 0 0 0 0.230165 0 1 0 0 0 0 0 0 0 1 0.333333 0 0 1 0 0 1 0 0 1 0 0 1 0 0.214286 0 0 1 0 1 0 0.5 0 0 1 0 0 0 0 > * X]
 +       1      * <0 0 0 1 0.127273 0 0 1 0 0 0 0 1 0 0 0 0 0 0 0 0 0.059607 0 0 1 0 0 0 0 1 0 0 1 0 1 0 0 0 1 0 0 1 0 0 1 0 0.178571 0 0 1 1 0 0 0 0 1 0 0 0 0 0 > * X]
 +       1      * <1 0 0 0 0.127273 0 0 0 0 1 1 0 0 0 0 0 0 0 0 0 0 0.221835 1 0 0 0 0 0 0 1 0 0 0.666667 0 1 0 0 0 0 1 0 0.333333 1 0 0 0 0.178571 0 0 1 0 1 0 0.5 0 0 1 0 0 0 0 > * X]
 -       0.7652 * <0 0 0 1 0.345455 0 0 1 0 0 0 0 0 1 0 0 0 0 0 0 0 0.112727 0 1 0 0 0 0 0 1 0 0 1 0 0 1 0 0 1 0 0 1 0 0 1 0 0.178571 0 0 1 1 0 0 0 0 0 0 1 0 1 0 > * X]
 -       1      * <0 1 0 0 0.781818 0 1 0 0 0 1 0 0 0 0 0 0 0 0 0 0 0.813806 0 0 0 0 1 1 0 0 0 0 1 0 0 1 0 0 0 1 0 1 0 0 0 1 0.303571 0 0 1 0 0 1 0 0 0 0 1 0 1 0 > * X]
 -       0.5472 * <0 0 0 1 0.418182 0 1 0 0 0 0 1 0 0 0 0 0 0 0 0 0 0.517138 0 0 0 0 1 0 1 0 0 0 0.666667 0 0 1 0 0 0 0 1 1 1 0 0 0 0.375 1 0 0 1 0 0 0.5 0 0 1 0 1 1 0 > * X]
 +       1      * <1 0 0 0 0.454545 0 0 1 0 0 0 0 1 0 0 0 0 0 0 0 0 0.416496 0 0 0 0 1 0 0 0 0 1 1 0 0 1 0 0 1 0 0 1 0 1 0 0 0.214286 0 0 1 0 1 0 0 0 0 1 0 0 0 0 > * X]
 -       1      * <1 0 0 0 0.345455 0 0 1 0 0 0 1 0 0 0 0 0 0 0 0 0 0.432132 1 0 0 0 0 1 0 0 0 0 1 0 0 1 0 0 1 0 0 0.333333 0 0 0 1 0.178571 0 0 1 0 0 1 0 0 0 0 1 0 1 0 > * X]
 +       1      * <1 0 0 0 0.236364 0 0 1 0 0 0 0 0 0 0 0 1 0 0 0 0 0.034139 1 0 0 0 0 1 0 0 0 0 1 0 1 0 0 0 1 0 0 0 1 0 0 0 0.142857 0 0 1 0 1 0 0 1 0 0 0 0 0 0 > * X]
 +       1      * <0 0 0 1 0.345455 0 0 0 1 0 0 0 0 0 0 0 0 0 0 1 0 0.573399 1 0 0 0 0 0 1 0 0 0 0.333333 0 0 1 0 0 1 0 0 0.333333 0 0 1 0 0.142857 1 0 0 0 1 0 0.5 0 0 1 0 0 1 0 > * X]
 -       0.1046 * <0 1 0 0 0.781818 0 0 1 0 0 0 0 0 1 0 0 0 0 0 0 0 0.254609 0 0 0 0 1 0 0 0 1 0 1 0 0 1 0 0 1 0 0 0 0 0 1 0 0.392857 0 0 1 0 1 0 0.5 0 0 1 0 1 1 0 > * X]
 +       1      * <0 1 0 0 0.345455 0 0 1 0 0 0 1 0 0 0 0 0 0 0 0 0 0.263758 0 0 1 0 0 0 1 0 0 0 0.666667 0 1 0 0 0 1 0 0 1 0 0 1 0 0.160714 0 0 1 1 0 0 0 0 0 1 0 0 0 0 > * X]
 -       1      * <1 0 0 0 0.127273 0 0 1 0 0 0 0 1 0 0 0 0 0 0 0 0 0.109791 1 0 0 0 0 0 1 0 0 0 1 0 1 0 0 0 1 0 0 0 0 0 1 0 0.053571 0 0 1 1 0 0 0 0 0 1 0 0 0 0 > * X]
 -       1      * <0 1 0 0 0.127273 0 0 0 1 0 0 0 0 1 0 0 0 0 0 0 0 0.022873 1 0 0 0 0 0 0 1 0 0 1 0 0 0 1 0 0 1 0 1 1 0 0 0 0.017857 0 0 1 1 0 0 0.5 0 0 1 0 0 0 0 > * X]
 -       1      * <1 0 0 0 0.345455 0 0 1 0 0 0 1 0 0 0 0 0 0 0 0 0 0.174928 0 0 0 0 1 0 0 0 0 1 0.333333 0 1 0 0 0 1 0 0 1 1 0 0 0 0.125 0 0 1 1 0 0 0 0 0 1 0 0 0 0 > * X]
 +       1      * <1 0 0 0 0.345455 0 0 1 0 0 1 0 0 0 0 0 0 0 0 0 0 0.140175 1 0 0 0 0 0 0 0 0 1 1 0 0 1 0 0 0 1 0 0 1 0 0 0 0.464286 0 0 1 0 1 0 0 0 0 1 0 0 0 0 > * X]
 +       1      * <0 0 0 1 0.236364 0 0 1 0 0 0 0 1 0 0 0 0 0 0 0 0 0.087601 1 0 0 0 0 0 1 0 0 0 1 0 0 0 1 0 0 1 0 0 0 1 0 0 0.428571 0 0 1 0 1 0 0 0 1 0 0 1 0 0 > * X]
 +       1      * <0 1 0 0 0.236364 0 0 0 0 1 1 0 0 0 0 0 0 0 0 0 0 0.055032 1 0 0 0 0 0 0 0 0 1 0.666667 0 0 1 0 0 0 0 1 0.666667 1 0 0 0 0.196429 1 0 0 0 1 0 0.5 0 0 1 0 0 0 0 > * X]
 -       0.5951 * <0 1 0 0 0.127273 0 0 1 0 0 0 0 1 0 0 0 0 0 0 0 0 0.050048 0 0 0 1 0 0 1 0 0 0 0 0 1 0 0 0 1 0 0 1 1 0 0 0 0 0 0 1 1 0 0 0 0 1 0 0 0 0 0 > * X]
 -       1      * <0 1 0 0 0.181818 0 0 1 0 0 0 0 0 0 0 1 0 0 0 0 0 0.16257 0 1 0 0 0 0 0 1 0 0 0.666667 0 1 0 0 0 1 0 0 0.333333 1 0 0 0 0.107143 0 0 1 0 1 0 0 0 1 0 0 0 0 0 > * X]
 -       1      * <1 0 0 0 0.181818 0 0 1 0 0 0 0 0 1 0 0 0 0 0 0 0 0.054827 1 0 0 0 0 0 1 0 0 0 1 0 0 0 1 0 1 0 0 0.333333 1 0 0 0 0.142857 0 0 1 0 1 0 0 0 0 1 0 0 0 1 > * X]
 +       1      * <1 0 0 0 0.127273 0 0 1 0 0 0 0 1 0 0 0 0 0 0 0 0 0.070463 1 0 0 0 0 0 0 1 0 0 0.333333 0 1 0 0 0 1 0 0 1 0 0 1 0 0.017857 0 0 1 1 0 0 0 0 0 1 0 0 0 0 > * X]
 +       1      * <1 0 0 0 0.072727 0 0 1 0 0 1 0 0 0 0 0 0 0 0 0 0 0.027584 1 0 0 0 0 0 0 1 0 0 1 0 0 1 0 0 1 0 0 0.666667 0 0 1 0 0.160714 0 0 1 0 1 0 0 0 1 0 0 0 0 0 > * X]
 +       1      * <1 0 0 0 0.672727 0 0 0 1 0 0 0 0 1 0 0 0 0 0 0 0 0.281305 1 0 0 0 0 0 0 0 1 0 0.666667 0 0 1 0 0 1 0 0 0.333333 0 1 0 0 0.125 1 0 0 0 1 0 0.5 0 0 1 0 1 1 0 > * X]
 +       1      * <1 0 0 0 0.563636 0 0 1 0 0 0 0 0 1 0 0 0 0 0 0 0 0.140107 1 0 0 0 0 0 0 1 0 0 1 1 0 0 0 0 1 0 0 1 0 0 1 0 0.214286 0 0 1 1 0 0 0 0 0 1 0 0 0 0 > * X]
 +       1      * <0 0 1 0 0.345455 0 0 0 0 1 1 0 0 0 0 0 0 0 0 0 0 0.074696 0 0 0 0 1 0 0 0 1 0 1 0 0 1 0 0 1 0 0 0.333333 1 0 0 0 0.321429 1 0 0 0 1 0 0.5 0 1 0 0 1 0 0 > * X]
 -       0.1809 * <0 0 0 1 0.018182 0 1 0 0 0 1 0 0 0 0 0 0 0 0 0 0 0.036392 0 0 0 0 1 0 0 1 0 0 0 0 0 1 0 0 0 0 1 0.333333 1 0 0 0 0.125 0 1 0 0 1 0 0 0 1 0 0 1 0 0 > * X]
 -       0.1851 * <0 1 0 0 0.127273 0 0 1 0 0 0 1 0 0 0 0 0 0 0 0 0 0.121398 0 0 0 0 1 0 0 1 0 0 1 0 0 1 0 0 1 0 0 0.333333 0 0 1 0 0.196429 0 0 1 0 1 0 0 0 0 1 0 0 0 0 > * X]
 -       0.7993 * <0 1 0 0 0.072727 0 0 1 0 0 0 0 0 0 0 0 0 0 0 1 0 0.077905 1 0 0 0 0 0 0 1 0 0 0.333333 0 0 0 1 0 1 0 0 0 1 0 0 0 0.142857 1 0 0 0 1 0 0 0 0 1 0 0 1 0 > * X]
 +       1      * <0 1 0 0 0.781818 0 0 1 0 0 0 0 1 0 0 0 0 0 0 0 0 0.66298 1 0 0 0 0 0 1 0 0 0 0 0 1 0 0 0 1 0 0 0.333333 0 0 1 0 0.125 0 0 1 0 1 0 0 0 0 1 0 0 1 0 > * X]
 +       1      * <1 0 0 0 0.563636 0 0 1 0 0 1 0 0 0 0 0 0 0 0 0 0 0.615936 1 0 0 0 0 0 0 0 1 0 0.333333 0 0 1 0 0 1 0 0 0 0 0 1 0 0.089286 0 0 1 0 1 0 0 0 0 1 0 0 1 0 > * X]
 -       1      * <0 1 0 0 0.072727 0 0 1 0 0 1 0 0 0 0 0 0 0 0 0 0 0.001775 1 0 0 0 0 0 0 1 0 0 1 0 0 0 1 0 1 0 0 1 1 0 0 0 0.053571 0 0 1 1 0 0 0 0 1 0 0 0 0 0 > * X]
 -       1      * <1 0 0 0 0.290909 0 0 0 0 1 1 0 0 0 0 0 0 0 0 0 0 0.092312 1 0 0 0 0 0 0 0 0 1 1 0 0 0 1 0 1 0 0 0.666667 0 0 1 0 0.196429 0 0 1 0 1 0 0.5 0 0 1 0 0 1 0 > * X]
 -       0.8177 * <0 0 0 1 0.018182 0 0 1 0 0 1 0 0 0 0 0 0 0 0 0 0 0.223133 1 0 0 0 0 0 0 1 0 0 0.333333 0 0 1 0 0 0 0 1 0.666667 0 1 0 0 0.125 0 0 1 1 0 0 0 0 0 1 0 0 0 0 > * X]
 -       1      * <0 0 0 1 0.181818 0 0 0 0 1 0 0 1 0 0 0 0 0 0 0 0 0.17329 1 0 0 0 0 0 0 0 1 0 0.333333 0 1 0 0 0 0 1 0 0.666667 0 0 1 0 0.089286 1 0 0 0 1 0 0.5 0 0 1 0 0 0 0 > * X]
 +       1      * <1 0 0 0 0.018182 0 0 1 0 0 1 0 0 0 0 0 0 0 0 0 0 1 1 0 0 0 0 0 0 0 0 1 0 0 0 1 0 0 1 0 0 1 0 0 0 1 0.875 1 0 0 0 1 0 0 0 0 0 1 0 1 0 > * X]
 +       1      * <1 0 0 0 0.781818 0 1 0 0 0 0 0 0 0 0 0 0 0 0 1 0 0.507647 1 0 0 0 0 0 0 0 1 0 0.333333 0 1 0 0 0 0 0 1 1 0 0 1 0 0.321429 0 0 1 1 0 0 0 0 0 1 0 0 0 0 > * X]
 +       1      * <1 0 0 0 0.345455 0 1 0 0 0 0 0 1 0 0 0 0 0 0 0 0 0.225454 1 0 0 0 0 0 0 0 1 0 0.666667 0 0 1 0 0 1 0 0 1 0 0 1 0 0.142857 1 0 0 0 1 0 0 0 0 1 0 0 0 0 > * X]
 +       1      * <1 0 0 0 0.236364 1 0 0 0 0 0 0 1 0 0 0 0 0 0 0 0 0.195548 1 0 0 0 0 0 1 0 0 0 0 0 1 0 0 0 1 0 0 1 0 1 0 0 0.125 0 0 1 1 0 0 0 0 0 1 0 0 0 0 > * X]
 +       1      * <1 0 0 0 0.127273 0 0 1 0 0 0 0 0 0 1 0 0 0 0 0 0 0.033525 0 1 0 0 0 1 0 0 0 0 1 0 1 0 0 0 1 0 0 0.666667 0 1 0 0 0.053571 0 0 1 0 1 0 0 0 0 1 0 0 0 0 > * X]
 -       0.0395 * <0 0 0 1 0.290909 0 0 1 0 0 0 0 0 0 0 0 0 0 0 1 0 0.090264 0 0 0 1 0 0 0 0 0 1 1 0 1 0 0 0 1 0 0 1 1 0 0 0 0.303571 1 0 0 0 1 0 0 0 1 0 0 0 0 0 > * X]
 -       1      * <0 1 0 0 0.781818 1 0 0 0 0 0 0 0 0 0 0 0 0 0 1 0 0.816196 0 0 0 0 1 0 0 1 0 0 0.333333 0 0 1 0 0 1 0 0 0.333333 0 0 1 0 0.517857 1 0 0 0 1 0 0 0 0 0 1 0 1 0 > * X]
 -       0.3164 * <0 0 0 1 0.345455 0 0 0 1 0 0 0 0 0 0 0 0 0 0 1 0 0.145091 0 0 1 0 0 0 0 1 0 0 1 0 0 1 0 0 1 0 0 0.333333 0 0 1 0 0.446429 0 0 1 0 1 0 0.5 0 0 1 0 1 1 0 > * X]
 +       0.9685 * <0 1 0 0 0.781818 0 1 0 0 0 0 0 0 0 0 0 0 0 0 1 0 0.421002 1 0 0 0 0 0 0 0 0 1 1 0 1 0 0 0 1 0 0 0.666667 0 0 0 1 0.714286 0 0 1 1 0 0 0 0 0 1 0 0 0 0 > * X]
 +       1      * <0 1 0 0 0.345455 0 0 1 0 0 0 1 0 0 0 0 0 0 0 0 0 0.772224 1 0 0 0 0 0 0 1 0 0 0 0 1 0 0 0 1 0 0 1 0 0 1 0 0.071429 0 0 1 1 0 0 0.5 0 0 0 1 0 0 0 > * X]
 -       0.4603 * <0 0 0 1 0.345455 0 0 1 0 0 0 0 0 1 0 0 0 0 0 0 0 0.200123 1 0 0 0 0 0 1 0 0 0 1 0 1 0 0 0 1 0 0 1 0 1 0 0 0.125 0 0 1 0 1 0 0 0 0 1 0 0 1 0 > * X]
 -       0.5038 * <0 1 0 0 0.236364 0 0 1 0 0 0 0 0 0 0 1 0 0 0 0 0 0.247303 1 0 0 0 0 1 0 0 0 0 0.333333 0 1 0 0 0 1 0 0 1 0 0 1 0 0.857143 0 0 1 0 1 0 0 0 0 1 0 0 1 0 > * X]
 -       0.5525 * <0 0 1 0 0.345455 0 0 0 0 1 0 0 1 0 0 0 0 0 0 0 0 0.229892 0 0 0 0 1 0 0 0 0 1 1 0 0 1 0 0 0 1 0 1 0 0 0 1 0.017857 0 0 1 1 0 0 0.5 0 0 1 0 0 0 0 > * X]
 -       0.8895 * <0 1 0 0 0.109091 0 0 0 0 1 1 0 0 0 0 0 0 0 0 0 0 0.073194 0 0 0 1 0 0 0 1 0 0 1 0 1 0 0 0 1 0 0 1 0 0 1 0 0.375 0 0 1 0 1 0 0.5 0 0 1 0 0 0 0 > * X]
 -       0.0959 * <0 0 0 1 0.345455 0 0 1 0 0 0 0 0 1 0 0 0 0 0 0 0 0.088898 1 0 0 0 0 0 0 0 1 0 0.666667 0 0 1 0 0 1 0 0 0 0 0 1 0 0.232143 1 0 0 0 1 0 0 0 0 1 0 1 0 0 > * X]
 +       1      * <1 0 0 0 0.127273 1 0 0 0 0 0 0 0 1 0 0 0 0 0 0 0 0.406186 1 0 0 0 0 0 0 1 0 0 1 0 0 1 0 0 1 0 0 0.333333 0 1 0 0 0.160714 0 0 1 1 0 0 0.5 0 0 1 0 0 1 0 > * X]
 +       1      * <0 1 0 0 0.236364 0 0 0 0 1 0 0 0 1 0 0 0 0 0 0 0 0.067937 1 0 0 0 0 0 0 1 0 0 1 0 0 0 1 0 1 0 0 0.333333 0 0 1 0 0.25 0 0 1 0 1 0 0 0 0 1 0 0 0 0 > * X]
 -       0.4975 * <1 0 0 0 0.454545 0 0 0 0 1 0 1 0 0 0 0 0 0 0 0 0 0.708248 1 0 0 0 0 0 0 0 0 1 0.666667 0 0 1 0 0 1 0 0 1 0 0 0 1 0.339286 0 0 1 0 0 1 1 0 0 0 1 1 1 0 > * X]
 -       0.0486 * <0 0 1 0 0.345455 0 0 1 0 0 0 0 1 0 0 0 0 0 0 0 0 0.114366 1 0 0 0 0 0 0 1 0 0 0.333333 0 0 1 0 0 1 0 0 0.333333 1 0 0 0 0.125 0 0 1 0 1 0 0 0 0 1 0 0 0 0 > * X]
 +       1      * <1 0 0 0 0.236364 0 0 1 0 0 1 0 0 0 0 0 0 0 0 0 0 0.065957 1 0 0 0 0 0 1 0 0 0 1 0 1 0 0 0 1 0 0 0.666667 0 0 1 0 0.071429 0 0 1 1 0 0 0 0 0 1 0 0 1 0 > * X]
 -       1      * <1 0 0 0 0.4 0 0 1 0 0 0 0 0 1 0 0 0 0 0 0 0 0.216168 1 0 0 0 0 0 0 1 0 0 0.666667 0 0 1 0 0 1 0 0 0.333333 0 0 1 0 0.142857 0 0 1 0 1 0 0 0 0 0 1 0 0 0 > * X]
 -       1      * <1 0 0 0 0.454545 1 0 0 0 0 0 0 1 0 0 0 0 0 0 0 0 0.295849 1 0 0 0 0 0 0 1 0 0 0.333333 1 0 0 0 0 0 0 1 0.333333 1 0 0 0 0.232143 0 0 1 0 1 0 0.5 0 0 1 0 0 0 0 > * X]
 -       0.0323 * <0 0 0 1 0.618182 0 0 1 0 0 0 1 0 0 0 0 0 0 0 0 0 0.158337 0 0 1 0 0 0 0 1 0 0 1 0 0 1 0 0 1 0 0 1 0 0 1 0 0.089286 0 0 1 0 1 0 0 0 0 1 0 0 0 0 > * X]
 -       0.2525 * <0 0 0 1 0.563636 0 0 0 0 1 1 0 0 0 0 0 0 0 0 0 0 0.434521 1 0 0 0 0 0 0 0 0 1 1 0 0 1 0 0 1 0 0 1 0 0 1 0 0.267857 0 0 1 0 1 0 0.5 0 0 0 1 0 1 0 > * X]
 -       1      * <1 0 0 0 0.018182 0 0 1 0 0 1 0 0 0 0 0 0 0 0 0 0 0.028131 1 0 0 0 0 0 1 0 0 0 0.666667 0 0 1 0 0 1 0 0 1 1 0 0 0 0.392857 0 0 1 0 1 0 0 0 1 0 0 1 1 0 > * X]
 +       1      * <1 0 0 0 0.563636 0 0 1 0 0 0 0 1 0 0 0 0 0 0 0 0 0.168101 1 0 0 0 0 0 0 0 0 1 0.333333 0 0 1 0 0 1 0 0 0.333333 0 1 0 0 0.392857 1 0 0 0 1 0 0 0 0 1 0 1 0 0 > * X]
 +       1      * <0 0 0 1 0.090909 0 0 1 0 0 1 0 0 0 0 0 0 0 0 0 0 0.072306 0 0 0 0 1 0 0 1 0 0 1 0 0 1 0 0 0 0 1 1 0 1 0 0 0.142857 0 0 1 0 1 0 0 0 1 0 0 0 0 0 > * X]
 +       0.1609 * <1 0 0 0 0.345455 0 0 1 0 0 1 0 0 0 0 0 0 0 0 0 0 0.196163 1 0 0 0 0 0 1 0 0 0 1 0 1 0 0 0 1 0 0 0 0 1 0 0 0.142857 0 0 1 0 1 0 0 0 0 1 0 0 0 0 > * X]
 -       1      * <0 0 1 0 0.345455 0 0 1 0 0 0 0 1 0 0 0 0 0 0 0 0 0.238905 1 0 0 0 0 0 1 0 0 0 0.333333 0 1 0 0 0 1 0 0 1 0 0 1 0 0.125 0 0 1 0 1 0 0 0 0 1 0 0 0 0 > * X]
 -       0.1497 * <0 0 1 0 0.345455 0 0 1 0 0 0 0 0 1 0 0 0 0 0 0 0 0.068824 0 0 1 0 0 0 0 1 0 0 0.666667 0 1 0 0 0 1 0 0 0.666667 0 0 1 0 0.678571 0 0 1 0 1 0 0 0 1 0 0 0 0 0 > * X]
 +       1      * <0 1 0 0 0.236364 0 0 0 0 1 1 0 0 0 0 0 0 0 0 0 0 0.043288 1 0 0 0 0 0 0 0 0 1 1 0 0 1 0 0 1 0 0 1 0 0 1 0 0.303571 1 0 0 0 1 0 0 0 0 1 0 1 1 0 > * X]
 -       1      * <0 1 0 0 0.236364 1 0 0 0 0 0 0 1 0 0 0 0 0 0 0 0 0.204424 1 0 0 0 0 0 0 1 0 0 0 0 1 0 0 0 1 0 0 1 0 0 1 0 0.25 1 0 0 0 1 0 0.5 0 0 1 0 0 1 0 > * X]
 -       0.7232 * <0 1 0 0 0.018182 0 0 1 0 0 0 0 0 1 0 0 0 0 0 0 0 0.055851 1 0 0 0 0 0 0 0 0 1 1 0 0 1 0 0 1 0 0 1 0 0 1 0 0.160714 0 0 1 0 1 0 0 0 0 1 0 1 0 0 > * X]
 -       0.3347 * <1 0 0 0 0.127273 0 0 1 0 0 0 0 1 0 0 0 0 0 0 0 0 0.031271 1 0 0 0 0 0 0 1 0 0 0.333333 0 0 1 0 0 0 0 1 0.666667 0 1 0 0 0.339286 0 0 1 0 1 0 0 0 1 0 0 1 0 0 > * X]
 -       1      * <1 0 0 0 0.236364 0 1 0 0 0 0 0 0 1 0 0 0 0 0 0 0 0.11539 1 0 0 0 0 0 1 0 0 0 0.666667 0 0 1 0 0 0 1 0 1 0 0 0 1 0.303571 1 0 0 0 0 1 0 0 0 0 1 0 1 0 > * X]
 +       1      * <0 0 0 1 0.090909 0 0 1 0 0 0 0 1 0 0 0 0 0 0 0 0 0.133825 1 0 0 0 0 0 0 1 0 0 0.333333 0 0 1 0 0 1 0 0 0.333333 1 0 0 0 0.107143 1 0 0 1 0 0 0 0 1 0 0 0 0 0 > * X]
 -       0.2207 * <0 1 0 0 0.345455 0 0 0 0 1 0 0 0 0 0 0 0 0 0 1 0 0.175816 0 0 0 0 1 0 0 0 1 0 1 0 0 1 0 0 1 0 0 0.666667 0 0 0 1 0.267857 0 0 1 0 1 0 0.5 0 0 1 0 1 1 0 > * X]
 +       1      * <0 0 0 1 0.345455 0 0 1 0 0 0 0 0 1 0 0 0 0 0 0 0 0.146593 0 0 1 0 0 0 0 0 0 1 0.666667 0 0 1 0 0 1 0 0 0.333333 0 0 1 0 0.285714 1 0 0 0 1 0 0.5 0 0 1 0 0 1 0 > * X]
 -       1      * <0 0 0 1 0.563636 0 0 1 0 0 1 0 0 0 0 0 0 0 0 0 0 0.044995 0 0 1 0 0 0 0 0 0 1 1 0 0 1 0 0 1 0 0 1 0 1 0 0 0.303571 0 0 1 0 1 0 0 0 0 1 0 0 0 0 > * X]
 -       0.6366 * <1 0 0 0 0.018182 0 0 0 0 1 1 0 0 0 0 0 0 0 0 0 0 0.04165 1 0 0 0 0 0 0 0 0 1 0 0 1 0 0 0 1 0 0 1 0 0 0 1 0.357143 0 0 1 0 1 0 0.5 0 0 1 0 0 1 0 > * X]
 -       0.4458 * <0 0 0 1 0.127273 0 0 1 0 0 0 0 1 0 0 0 0 0 0 0 0 0.035027 1 0 0 0 0 0 0 1 0 0 1 0 1 0 0 0 1 0 0 0 1 0 0 0 0.125 0 0 1 0 1 0 0 0 0 1 0 0 1 0 > * X]
 -       0.4312 * <0 1 0 0 0.127273 0 0 1 0 0 0 0 0 1 0 0 0 0 0 0 0 0.061996 0 0 1 0 0 0 0 1 0 0 0.666667 1 0 0 0 0 1 0 0 0 0 0 1 0 0.125 0 0 1 0 1 0 0 0 0 1 0 0 1 0 > * X]
 +       1      * <0 1 0 0 0.4 0 0 1 0 0 0 0 0 0 0 0 0 0 0 1 0 0.250239 1 0 0 0 0 0 0 1 0 0 1 0 0 1 0 0 1 0 0 0.333333 0 0 1 0 0.303571 0 0 1 0 1 0 0 0 0 1 0 1 1 0 > * X]
 -       1      * <0 1 0 0 0.345455 0 0 0 1 0 1 0 0 0 0 0 0 0 0 0 0 0.117097 0 0 0 0 1 0 0 1 0 0 1 0 1 0 0 0 1 0 0 1 0 0 1 0 0.410714 0 0 1 1 0 0 0.5 0 0 1 0 0 1 0 > * X]
 -       0.2322 * <1 0 0 0 0.345455 0 0 0 0 1 0 1 0 0 0 0 0 0 0 0 0 0.184829 1 0 0 0 0 0 0 0 0 1 1 0 0 1 0 0 1 0 0 1 0 1 0 0 0.785714 0 0 1 0 1 0 0.5 0 0 1 0 0 1 0 > * X]
 +       1      * <1 0 0 0 0.345455 0 0 1 0 0 0 0 1 0 0 0 0 0 0 0 0 0.203742 1 0 0 0 0 0 1 0 0 0 1 0 1 0 0 0 1 0 0 1 1 0 0 0 0.071429 0 0 1 1 0 0 0 0 1 0 0 0 1 0 > * X]
 -       0.2733 * <0 0 1 0 0.181818 0 0 1 0 0 0 0 0 0 0 0 1 0 0 0 0 0.113 1 0 0 0 0 0 0 0 0 1 1 0 0 1 0 0 1 0 0 1 0 0 1 0 0.375 0 0 1 1 0 0 0 0 0 0 1 0 1 0 > * X]
 +       1      * <1 0 0 0 0.345455 0 0 1 0 0 1 0 0 0 0 0 0 0 0 0 0 0.07654 0 0 0 0 1 0 0 1 0 0 1 0 1 0 0 0 1 0 0 1 1 0 0 0 0.107143 0 0 1 1 0 0 0 0 0 1 0 0 0 0 > * X]
 +       1      * <0 1 0 0 0.181818 0 0 1 0 0 1 0 0 0 0 0 0 0 0 0 0 0.16257 0 1 0 0 0 0 0 1 0 0 0.333333 0 1 0 0 0 1 0 0 1 0 0 1 0 0.160714 0 0 1 1 0 0 0.5 0 0 1 0 0 1 0 > * X]
 -       1      * <1 0 0 0 0.181818 0 0 1 0 0 1 0 0 0 0 0 0 0 0 0 0 0.078725 1 0 0 0 0 0 0 1 0 0 0.333333 0 1 0 0 0 1 0 0 1 0 0 1 0 0.160714 0 0 1 1 0 0 0 0 0 1 0 0 0 0 > * X]
 -       0.3293 * <0 1 0 0 0.2 0 0 0 0 1 1 0 0 0 0 0 0 0 0 0 0 0.063157 1 0 0 0 0 1 0 0 0 0 0.333333 0 0 1 0 0 1 0 0 0.666667 0 0 1 0 0.875 0 0 1 0 0 1 1 1 0 0 0 0 1 0 > * X]
 -       1      * <0 0 1 0 0.181818 0 0 1 0 0 0 0 0 0 0 0 1 0 0 0 0 0.009695 1 0 0 0 0 0 1 0 0 0 1 0 1 0 0 0 1 0 0 1 0 1 0 0 0.071429 0 0 1 1 0 0 0 0 0 1 0 0 1 0 > * X]
 -       1      * <1 0 0 0 0.345455 0 0 1 0 0 0 0 1 0 0 0 0 0 0 0 0 0.510105 0 0 0 0 1 0 1 0 0 0 0 0 1 0 0 0 1 0 0 0.333333 0 1 0 0 0.196429 0 0 1 0 1 0 0 0 0 1 0 0 1 1 > * X]
 -       0.8796 * <0 1 0 0 0.618182 0 0 0 1 0 0 0 0 0 0 0 1 0 0 0 0 0.78588 0 1 0 0 0 0 0 0 1 0 0.333333 0 0 1 0 0 1 0 0 0.666667 0 0 0 1 0.232143 0 0 1 1 0 0 0 0 0 1 0 0 1 0 > * X]
 +       1      * <1 0 0 0 0.418182 0 0 1 0 0 1 0 0 0 0 0 0 0 0 0 0 0.256452 1 0 0 0 0 0 0 1 0 0 0.666667 0 0 1 0 0 1 0 0 0.333333 0 0 1 0 0.464286 0 0 1 0 1 0 0 0 1 0 0 0 0 0 > * X]
 -       0.6635 * <0 0 0 1 0.563636 0 0 1 0 0 0 1 0 0 0 0 0 0 0 0 0 0.538236 1 0 0 0 0 0 0 1 0 0 0 0 1 0 0 0 1 0 0 0.333333 0 1 0 0 0.196429 1 0 0 0 1 0 0 0 0 1 0 0 0 0 > * X]
 -       1      * <0 0 0 1 0.072727 0 0 1 0 0 0 0 1 0 0 0 0 0 0 0 0 0.0777 1 0 0 0 0 0 0 1 0 0 1 0 1 0 0 0 1 0 0 0.333333 1 0 0 0 0.125 0 0 1 1 0 0 0 0 0 1 0 0 0 0 > * X]
 -       0.7754 * <0 0 1 0 0.127273 0 0 1 0 0 0 0 1 0 0 0 0 0 0 0 0 0.083572 1 0 0 0 0 0 1 0 0 0 1 0 1 0 0 0 1 0 0 0 0 1 0 0 0.25 1 0 0 0 1 0 0 0 0 0 1 0 1 0 > * X]
 -       0.0456 * <0 1 0 0 0.127273 0 0 0 0 1 0 1 0 0 0 0 0 0 0 0 0 0.109928 1 0 0 0 0 1 0 0 0 0 1 0 0 1 0 0 1 0 0 0.333333 0 0 1 0 0.267857 0 0 1 0 1 0 0.5 0 0 0 1 0 1 0 > * X]
 -       1      * <1 0 0 0 0.563636 0 0 1 0 0 0 0 1 0 0 0 0 0 0 0 0 0.230097 1 0 0 0 0 0 0 1 0 0 0 0 0 1 0 0 0 0 1 0.333333 0 1 0 0 0.321429 0 0 1 0 1 0 0 0 0 1 0 1 0 0 > * X]
 -       1      * <0 0 0 1 0.345455 0 0 0 1 0 0 0 0 0 0 0 0 0 0 1 0 0.246689 1 0 0 0 0 0 0 1 0 0 0 0 0 1 0 0 1 0 0 0.333333 0 0 0 1 0.232143 0 0 1 0 0 1 0 0 0 1 0 0 0 0 > * X]
 +       1      * <0 1 0 0 0.727273 0 0 1 0 0 0 0 0 1 0 0 0 0 0 0 0 0.189881 0 1 0 0 0 0 0 1 0 0 1 0 0 1 0 0 0 0 1 1 0 1 0 0 0.035714 0 0 1 1 0 0 0 0 0 1 0 0 0 0 > * X]
 -       0.4795 * <0 0 0 1 0.345455 0 0 0 0 1 0 0 0 0 0 0 1 0 0 0 0 0.091971 1 0 0 0 0 0 0 0 0 1 1 0 0 1 0 0 1 0 0 1 0 0 0 1 0.625 0 0 1 0 0 1 0.5 0 0 1 0 1 0 0 > * X]
 -       0.3094 * <0 0 0 1 0.563636 0 0 1 0 0 0 0 0 0 0 0 1 0 0 0 0 0.601188 0 0 0 0 1 0 0 1 0 0 0.333333 0 0 1 0 0 1 0 0 1 0 0 0 1 0.285714 0 0 1 0 0 1 0 0 1 0 0 1 1 0 > * X]
 -       0.503  * <0 0 1 0 0.563636 0 0 1 0 0 0 0 0 1 0 0 0 0 0 0 0 0.288338 1 0 0 0 0 0 0 0 0 1 1 0 0 1 0 0 1 0 0 0.333333 0 0 1 0 0.214286 0 0 1 0 1 0 0 0 0 1 0 0 0 0 > * X]
 +       1      * <0 1 0 0 0.127273 0 0 1 0 0 0 0 0 1 0 0 0 0 0 0 0 0.424553 0 0 0 0 1 1 0 0 0 0 0.333333 0 0 1 0 0 1 0 0 0 0 0 0 1 0.589286 0 0 1 0 1 0 0 0 0 0 1 0 1 0 > * X]
 +       1      * <1 0 0 0 0.345455 0 0 1 0 0 0 0 0 1 0 0 0 0 0 0 0 0.118599 1 0 0 0 0 0 0 1 0 0 0.333333 0 0 1 0 0 1 0 0 1 1 0 0 0 0.035714 0 0 1 1 0 0 0 0 1 0 0 1 0 0 > * X]
 -       0.928  * <0 1 0 0 0.018182 0 0 0 1 0 0 0 1 0 0 0 0 0 0 0 0 0.054622 1 0 0 0 0 1 0 0 0 0 1 0 0 1 0 0 1 0 0 0 0 1 0 0 0.285714 0 1 0 0 1 0 0.5 0 0 0 1 0 1 0 > * X]
 +       1      * <0 0 0 1 0.290909 0 0 0 1 0 0 0 0 0 0 0 0 0 0 1 0 0.159088 0 0 1 0 0 0 1 0 0 0 1 0 0 1 0 0 1 0 0 0.333333 1 0 0 0 0.392857 1 0 0 0 1 0 0 0 1 0 0 1 0 0 > * X]
 -       0.2759 * <1 0 0 0 0.090909 0 0 1 0 0 0 0 0 1 0 0 0 0 0 0 0 0.140994 1 0 0 0 0 0 0 0 0 1 0.666667 0 0 1 0 0 1 0 0 1 1 0 0 0 0.589286 0 0 1 0 1 0 0 0 1 0 0 0 0 0 > * X]
 +       1      * <0 1 0 0 0.454545 1 0 0 0 0 0 0 0 0 0 0 0 0 0 1 0 0.27516 0 1 0 0 0 0 0 1 0 0 1 0 1 0 0 0 1 0 0 1 0 0 1 0 0.125 0 0 1 1 0 0 0.5 0 1 0 0 0 0 0 > * X]
 -       1      * <1 0 0 0 0.236364 0 0 1 0 0 0 0 1 0 0 0 0 0 0 0 0 0.164482 0 0 0 1 0 0 0 1 0 0 1 0 0 1 0 0 1 0 0 0.333333 0 0 1 0 0.160714 0 0 1 0 1 0 0 0 0 1 0 0 0 0 > * X]
 -       0.9661 * <0 0 0 1 1 0 0 1 0 0 1 0 0 0 0 0 0 0 0 0 0 0.690701 1 0 0 0 0 0 0 0 0 1 0.333333 0 0 1 0 0 1 0 0 1 0 1 0 0 0.410714 0 0 1 0 1 0 0 0 0 0 1 0 1 0 > * X]
 -       0.496  * <0 0 0 1 0.127273 0 0 1 0 0 0 0 0 0 0 0 1 0 0 0 0 0.078042 1 0 0 0 0 0 0 0 0 1 1 0 0 1 0 0 1 0 0 1 0 1 0 0 0.5 1 0 0 0 1 0 1 0 0 1 0 1 1 0 > * X]
 -       1      * <0 1 0 0 0.454545 0 0 1 0 0 0 0 0 1 0 0 0 0 0 0 0 0.100027 0 0 0 0 1 0 0 1 0 0 1 0 1 0 0 0 1 0 0 0 0 0 1 0 0.125 0 0 1 0 1 0 0 0 0 1 0 0 0 0 > * X]
 -       0.4888 * <0 1 0 0 0.781818 0 0 1 0 0 0 0 0 0 0 0 0 0 0 0 1 0.350335 0 0 0 0 1 1 0 0 0 0 0.666667 0 0 1 0 0 1 0 0 1 0 0 0 1 0.375 1 0 0 0 0 1 0 1 0 0 0 0 1 0 > * X]
 +       1      * <0 1 0 0 0.072727 0 0 1 0 0 0 0 1 0 0 0 0 0 0 0 0 0.04561 1 0 0 0 0 0 0 1 0 0 1 0 1 0 0 0 1 0 0 0 0 1 0 0 0.196429 0 0 1 0 1 0 0 0 0 1 0 0 0 0 > * X]
 -       1      * <0 1 0 0 0.345455 0 0 0 0 1 0 0 0 0 0 0 1 0 0 0 0 0.375051 1 0 0 0 0 0 1 0 0 0 0.333333 0 1 0 0 0 1 0 0 1 0 0 0 1 0.089286 0 0 1 0 0 1 0.5 0 0 1 0 0 1 0 > * X]
 +       1      * <0 1 0 0 0.054545 0 0 1 0 0 0 0 1 0 0 0 0 0 0 0 0 0.06739 1 0 0 0 0 0 0 1 0 0 0.666667 0 1 0 0 0 1 0 0 1 1 0 0 0 0.089286 0 0 1 0 1 0 0 0 0 1 0 0 0 0 > * X]
 +       1      * <1 0 0 0 0.127273 0 0 1 0 0 0 0 1 0 0 0 0 0 0 0 0 0.519937 1 0 0 0 0 0 0 0 0 1 1 0 0 1 0 0 1 0 0 1 0 0 0 1 0.607143 0 0 1 0 0 1 0 0 0 0 1 0 1 0 > * X]
 -       0.3386 * <0 1 0 0 0.563636 0 0 1 0 0 0 0 0 0 0 0 1 0 0 0 0 0.23631 0 0 0 0 1 0 0 1 0 0 0.333333 0 0 0 1 0 1 0 0 0.333333 0 0 1 0 0.142857 0 0 1 0 1 0 0 0 0 1 0 0 0 0 > * X]
 +       1      * <1 0 0 0 0.563636 0 0 1 0 0 0 0 1 0 0 0 0 0 0 0 0 0.218217 1 0 0 0 0 0 0 0 0 1 1 0 0 1 0 0 1 0 0 0.333333 0 0 1 0 0.410714 0 0 1 0 1 0 0 0 0 1 0 1 0 0 > * X]
 -       1      * <1 0 0 0 0.345455 0 0 1 0 0 0 1 0 0 0 0 0 0 0 0 0 0.18162 1 0 0 0 0 0 0 0 1 0 0.333333 0 0 1 0 0 1 0 0 0 0 0 0 1 0.267857 0 0 1 0 0 1 0 0 0 0 1 0 1 0 > * X]
 -       0.4543 * <0 0 0 1 0.345455 0 0 0 0 1 0 0 0 0 0 0 0 0 0 0 1 0.414038 1 0 0 0 0 1 0 0 0 0 1 0 0 1 0 0 0 1 0 0.333333 0 0 0 1 0.142857 1 0 0 0 1 0 0.5 0 0 0 1 0 1 0 > * X]
 -       0.6171 * <0 0 1 0 0.127273 0 0 1 0 0 0 0 0 1 0 0 0 0 0 0 0 0.111361 1 0 0 0 0 0 0 1 0 0 0.333333 0 1 0 0 0 1 0 0 0.333333 0 0 1 0 0.446429 0 0 1 1 0 0 0 0 1 0 0 0 1 0 > * X]
 -       1      * <0 1 0 0 0.090909 0 0 1 0 0 0 0 1 0 0 0 0 0 0 0 0 0.086781 1 0 0 0 0 0 0 1 0 0 1 1 0 0 0 0 1 0 0 0.333333 0 0 1 0 0.214286 0 0 1 0 1 0 0 0 1 0 0 0 0 0 > * X]
 +       1      * <1 0 0 0 0.672727 0 0 1 0 0 0 0 0 1 0 0 0 0 0 0 0 0.472757 0 0 0 0 1 0 0 0 1 0 1 0 1 0 0 0 1 0 0 0.666667 0 0 1 0 0.196429 0 0 1 0 1 0 0 0 0 0 1 0 1 0 > * X]
 -       0.5293 * <0 0 0 1 0.309091 0 0 1 0 0 1 0 0 0 0 0 0 0 0 0 0 0.070531 0 0 0 0 1 0 0 0 1 0 1 0 1 0 0 0 1 0 0 1 0 1 0 0 0.107143 0 0 1 1 0 0 0 0 0 1 0 0 0 0 > * X]
 -       1      * <1 0 0 0 0.127273 0 0 0 1 0 1 0 0 0 0 0 0 0 0 0 0 0.074696 1 0 0 0 0 0 0 1 0 0 1 0 0 1 0 0 1 0 0 0.333333 1 0 0 0 0.428571 0 0 1 0 1 0 0.5 0 1 0 0 1 0 0 > * X]
 -       0.8276 * <0 0 0 1 0.345455 0 0 1 0 0 1 0 0 0 0 0 0 0 0 0 0 0.083572 0 1 0 0 0 0 1 0 0 0 1 0 0 0 1 0 1 0 0 0.666667 1 0 0 0 0.25 0 0 1 0 1 0 0 0 0 1 0 0 1 0 > * X]
 +       1      * <1 0 0 0 0.236364 0 0 1 0 0 0 0 0 1 0 0 0 0 0 0 0 0.160453 1 0 0 0 0 0 0 1 0 0 1 0 0 1 0 0 1 0 0 1 0 0 0 1 0.821429 0 0 1 0 0 1 0.5 0 0 1 0 0 0 0 > * X]
 -       0.265  * <0 0 0 1 0.127273 1 0 0 0 0 0 0 1 0 0 0 0 0 0 0 0 0.17131 1 0 0 0 0 0 0 0 0 1 0.333333 0 0 1 0 0 1 0 0 1 0 1 0 0 0.267857 0 0 1 0 1 0 0.5 0 0 1 0 0 0 0 > * X]
 +       1      * <0 1 0 0 0.563636 0 0 1 0 0 0 0 1 0 0 0 0 0 0 0 0 0.599754 0 1 0 0 0 0 1 0 0 0 1 0 0 1 0 0 0 1 0 0 0 0 0 1 0.178571 0 0 1 1 0 0 0 0 0 0 1 0 1 0 > * X]
 +       1      * <1 0 0 0 0.345455 0 0 1 0 0 1 0 0 0 0 0 0 0 0 0 0 0.077222 0 0 0 0 1 0 0 1 0 0 1 0 1 0 0 0 1 0 0 0.333333 0 1 0 0 0.285714 0 0 1 0 1 0 0 0 0 1 0 0 0 0 > * X]
 -       0.7318 * <0 0 0 1 0.090909 0 0 1 0 0 1 0 0 0 0 0 0 0 0 0 0 0.070804 0 0 0 0 1 0 0 0 0 1 1 0 0 1 0 0 0 1 0 0.333333 0 1 0 0 0.464286 0 0 1 0 1 0 0 0 1 0 0 0 0 1 > * X]
 -       0.0476 * <0 1 0 0 0.236364 0 0 1 0 0 0 0 0 1 0 0 0 0 0 0 0 0.058924 1 0 0 0 0 0 0 1 0 0 1 0 1 0 0 0 0 0 1 1 1 0 0 0 0.125 0 0 1 0 1 0 0 0 1 0 0 1 0 0 > * X]
 +       1      * <0 1 0 0 0.127273 0 0 1 0 0 1 0 0 0 0 0 0 0 0 0 0 0.066435 1 0 0 0 0 0 0 0 0 1 0 1 0 0 0 0 1 0 0 0 1 0 0 0 0.482143 0 0 1 1 0 0 0.5 0 0 1 0 0 0 0 > * X]
 -       1      * <0 1 0 0 0.127273 0 0 1 0 0 0 0 1 0 0 0 0 0 0 0 0 0.188925 1 0 0 0 0 0 1 0 0 0 0.666667 0 1 0 0 0 1 0 0 0 1 0 0 0 0.267857 0 0 1 1 0 0 0 0 0 0 1 0 0 0 > * X]
 -       0.4181 * <0 1 0 0 0.672727 0 1 0 0 0 0 1 0 0 0 0 0 0 0 0 0 0.616755 1 0 0 0 0 1 0 0 0 0 0 0 0 1 0 0 1 0 0 0.333333 0 0 0 1 0.642857 1 0 0 0 0 1 0 0 0 0 1 0 1 0 > * X]
 -       1      * <1 0 0 0 0.345455 0 1 0 0 0 1 0 0 0 0 0 0 0 0 0 0 0.141677 0 1 0 0 0 0 0 0 1 0 0.333333 0 0 1 0 0 1 0 0 0.666667 0 0 1 0 0.232143 1 0 0 0 1 0 0 0 0 1 0 0 0 0 > * X]
 +       1      * <1 0 0 0 0.127273 0 1 0 0 0 0 0 0 1 0 0 0 0 0 0 0 0.025673 1 0 0 0 0 0 0 1 0 0 1 0 1 0 0 0 1 0 0 1 1 0 0 0 0.089286 1 0 0 0 1 0 0 0 1 0 0 0 0 0 > * X]
 -       1      * <1 0 0 0 0.181818 0 0 1 0 0 0 0 0 0 0 0 0 0 0 1 0 0.037963 1 0 0 0 0 0 0 1 0 0 1 0 1 0 0 0 1 0 0 1 0 1 0 0 0.053571 0 0 1 0 1 0 0 0 1 0 0 0 0 0 > * X]
 -       0.67   * <0 1 0 0 0.345455 0 0 0 1 0 0 0 0 1 0 0 0 0 0 0 0 0.088966 0 1 0 0 0 0 0 0 1 0 0.666667 0 1 0 0 0 1 0 0 0.333333 0 1 0 0 0.071429 0 0 1 1 0 0 0.5 0 0 1 0 0 1 0 > * X]
 -       0.8826 * <0 1 0 0 0.236364 0 0 1 0 0 0 0 1 0 0 0 0 0 0 0 0 0.187833 1 0 0 0 0 0 0 0 1 0 0.333333 0 1 0 0 0 1 0 0 1 1 0 0 0 0.375 0 0 1 1 0 0 0 0 0 1 0 0 0 0 > * X]
 -       0.7312 * <0 1 0 0 0.018182 0 0 0 1 0 0 0 0 0 0 0 0 0 0 1 0 0.081865 0 1 0 0 0 0 0 0 0 1 0 1 0 0 0 0 1 0 0 0.333333 0 0 1 0 0.214286 1 0 0 0 1 0 0.5 0 0 1 0 1 0 0 > * X]
 +       1      * <0 0 0 1 0.072727 0 0 1 0 0 0 0 1 0 0 0 0 0 0 0 0 0.118121 1 0 0 0 0 0 1 0 0 0 0.333333 0 1 0 0 0 0 1 0 0.333333 0 0 1 0 0 0 0 1 1 0 0 0.5 0 0 1 0 0 0 0 > * X]
 -       0.3946 * <0 0 0 1 0.127273 0 0 1 0 0 1 0 0 0 0 0 0 0 0 0 0 0.111566 1 0 0 0 0 0 0 0 0 1 1 0 0 1 0 0 1 0 0 1 0 0 1 0 0.357143 0 0 1 0 1 0 0 0 0 0 1 0 1 0 > * X]
 -       1      * <0 1 0 0 0.090909 0 0 1 0 0 1 0 0 0 0 0 0 0 0 0 0 0.481906 1 0 0 0 0 1 0 0 0 0 0.333333 0 0 1 0 0 1 0 0 1 0 0 0 1 0.910714 1 0 0 0 0 1 0 0 0 0 1 0 1 0 > * X]
 +       1      * <0 1 0 0 0.345455 1 0 0 0 0 0 0 0 0 0 0 0 0 0 1 0 0.272498 1 0 0 0 0 0 0 1 0 0 0 0 0 1 0 0 1 0 0 1 1 0 0 0 0.303571 0 0 1 0 1 0 1 0 1 0 0 0 1 0 > * X]
 -       0.0261 * <0 0 0 1 0.181818 0 0 1 0 0 0 0 0 1 0 0 0 0 0 0 0 0.226546 1 0 0 0 0 0 0 0 0 1 1 0 1 0 0 0 1 0 0 0.333333 0 0 1 0 0.625 1 0 0 1 0 0 0 0 0 0 1 0 1 0 > * X]
 -       0.2652 * <0 0 0 1 0.127273 0 0 1 0 0 0 0 0 1 0 0 0 0 0 0 0 0.08487 1 0 0 0 0 0 1 0 0 0 1 0 1 0 0 0 1 0 0 0.666667 0 0 1 0 0.267857 0 0 1 0 1 0 0 0 0 1 0 1 0 0 > * X]
 +       1      * <0 1 0 0 0.454545 0 0 0 0 1 1 0 0 0 0 0 0 0 0 0 0 0.340298 1 0 0 0 0 1 0 0 0 0 1 0 0 0 1 0 1 0 0 0.333333 0 0 1 0 0.160714 0 0 1 0 1 0 0.5 0 0 0 1 0 0 0 > * X]
 -       1      * <1 0 0 0 0.072727 0 0 1 0 0 0 0 0 1 0 0 0 0 0 0 0 0.076062 1 0 0 0 0 0 0 0 1 0 0.666667 0 0 1 0 0 1 0 0 1 1 0 0 0 0.714286 0 0 1 0 1 0 0 0 0 1 0 0 0 0 > * X]
 -       0.0262 * <0 0 0 1 0.127273 0 0 0 0 1 0 0 0 0 0 0 0 0 0 1 0 0.069234 0 0 0 0 1 0 0 0 0 1 1 0 0 1 0 0 1 0 0 1 0 0 0 1 0.678571 0 0 1 1 0 0 0 0 1 0 0 0 0 0 > * X]
 -       0.8247 * <1 0 0 0 0.127273 0 0 1 0 0 1 0 0 0 0 0 0 0 0 0 0 0.232214 0 0 0 1 0 0 0 1 0 0 0 0 0 1 0 0 1 0 0 0.666667 0 1 0 0 0.214286 0 0 1 0 1 0 0 0 0 1 0 1 0 0 > * X]
 +       0.9985 * <0 1 0 0 0.563636 0 0 1 0 0 0 0 0 1 0 0 0 0 0 0 0 0.165301 0 1 0 0 0 0 0 1 0 0 1 0 1 0 0 0 0 1 0 1 0 0 0 1 0.553571 0 0 1 0 0 1 0 0 0 1 0 0 0 0 > * X]
 -       0.3141 * <0 1 0 0 0.4 0 0 0 1 0 0 1 0 0 0 0 0 0 0 0 0 0.390209 1 0 0 0 0 0 0 0 0 1 0 0 0 1 0 0 1 0 0 0.333333 0 0 1 0 0.196429 0 0 1 0 1 0 0.5 0 0 0 1 0 1 0 > * X]
 -       0.4481 * <0 0 0 1 0.181818 0 0 0 1 0 0 0 0 1 0 0 0 0 0 0 0 0.083845 1 0 0 0 0 0 0 1 0 0 1 0 0 0 1 0 1 0 0 0.666667 1 0 0 0 0.25 1 0 0 0 1 0 0.5 0 0 1 0 0 0 0 > * X]
 +       1      * <0 1 0 0 0.563636 0 0 1 0 0 1 0 0 0 0 0 0 0 0 0 0 0.960535 1 0 0 0 0 0 0 0 0 1 1 0 0 1 0 0 1 0 0 0.333333 0 0 0 1 0.678571 0 0 1 0 0 1 0 0 0 0 1 0 1 0 > * X]
 +       1      * <1 0 0 0 0.127273 0 0 1 0 0 1 0 0 0 0 0 0 0 0 0 0 0.034754 1 0 0 0 0 0 0 0 1 0 1 0 0 1 0 0 1 0 0 0.333333 1 0 0 0 0.125 0 0 1 0 1 0 0 0 0 1 0 0 0 0 > * X]
 -       0.1787 * <1 0 0 0 0.127273 0 0 0 0 1 1 0 0 0 0 0 0 0 0 0 0 0.127816 1 0 0 0 0 0 0 1 0 0 0.666667 0 0 1 0 0 1 0 0 0.333333 1 0 0 0 0.357143 0 0 1 1 0 0 0.5 0 1 0 0 1 0 1 > * X]
 -       0.6238 * <1 0 0 0 0.236364 0 0 0 1 0 0 0 0 0 0 0 1 0 0 0 0 0.561314 0 0 0 0 1 0 0 1 0 0 0 0 1 0 0 0 1 0 0 0.333333 0 0 1 0 0.071429 0 0 1 1 0 0 0.5 0 0 1 0 0 1 0 > * X]
 -       0.0972 * <0 0 0 1 0.090909 0 0 1 0 0 0 0 0 0 0 0 1 0 0 0 0 0.032569 0 0 1 0 0 0 0 0 0 1 1 0 0 1 0 0 1 0 0 1 0 0 0 1 0.482143 0 0 1 0 0 1 0 0 0 1 0 0 1 0 > * X]
 +       1      * <0 1 0 0 0.345455 0 0 1 0 0 0 0 0 1 0 0 0 0 0 0 0 0.122149 1 0 0 0 0 0 1 0 0 0 0 0 0 0 1 0 1 0 0 0 0 1 0 0 0.053571 0 0 1 0 1 0 0 0 0 1 0 0 1 0 > * X]
 +       1      * <0 1 0 0 1 0 0 1 0 0 1 0 0 0 0 0 0 0 0 0 0 0.488734 0 1 0 0 0 0 1 0 0 0 1 0 1 0 0 0 1 0 0 0.333333 0 1 0 0 0.089286 0 0 1 0 1 0 0 0 0 0 1 0 0 0 > * X]
 -       1      * <0 1 0 0 0.236364 0 0 0 0 1 0 0 1 0 0 0 0 0 0 0 0 0.417247 1 0 0 0 0 0 0 0 0 1 0.333333 0 0 1 0 0 1 0 0 0 0 0 0 1 0.392857 0 0 1 0 1 0 0 0 0 1 0 0 1 0 > * X]
 +       1      * <1 0 0 0 0.127273 0 1 0 0 0 0 0 0 1 0 0 0 0 0 0 0 0.12966 1 0 0 0 0 0 0 1 0 0 1 1 0 0 0 0 1 0 0 0 0 0 0 1 0.178571 0 0 1 0 0 1 0 0 0 1 0 0 0 0 > * X]
 +       1      * <1 0 0 0 0.127273 0 0 0 0 1 0 0 1 0 0 0 0 0 0 0 0 0.136283 1 0 0 0 0 0 0 0 0 1 0.666667 0 0 1 0 0 1 0 0 0.666667 0 1 0 0 0.732143 0 0 1 0 1 0 0.5 0 0 1 0 0 0 0 > * X]
 -       1      * <1 0 0 0 0.181818 0 0 0 0 1 0 0 1 0 0 0 0 0 0 0 0 0.080773 1 0 0 0 0 0 0 1 0 0 1 0 1 0 0 0 1 0 0 0.666667 0 1 0 0 0.107143 0 0 1 1 0 0 0.5 0 0 1 0 0 0 0 > * X]
 +       1      * <1 0 0 0 0.127273 0 0 1 0 0 1 0 0 0 0 0 0 0 0 0 0 0.15902 1 0 0 0 0 0 1 0 0 0 1 0 0 1 0 0 1 0 0 0 1 0 0 0 0.25 0 0 1 0 1 0 0 0 1 0 0 1 0 0 > * X]
 +       1      * <0 1 0 0 0.127273 0 0 1 0 0 0 0 0 1 0 0 0 0 0 0 0 0.084255 0 0 0 0 1 0 0 1 0 0 0.333333 0 0 0 1 0 1 0 0 0 1 0 0 0 0.107143 0 0 1 0 1 0 0 0 0 1 0 0 1 0 > * X]
 -       0.151  * <1 0 0 0 0.018182 0 0 0 0 1 0 0 0 1 0 0 0 0 0 0 0 0.006008 0 0 1 0 0 0 0 0 0 1 1 0 0 1 0 0 1 0 0 1 0 0 1 0 0.589286 0 0 1 0 1 0 0.5 0 0 1 0 0 0 0 > * X]
 -       0.437  * <1 0 0 0 0.236364 0 0 1 0 0 0 0 0 1 0 0 0 0 0 0 0 0.115117 0 0 0 0 1 0 0 0 1 0 0.333333 0 0 0 1 0 1 0 0 1 0 0 1 0 0.071429 0 0 1 1 0 0 0.5 0 1 0 0 0 0 0 > * X]
 -       0.1053 * <0 0 0 1 0.181818 0 0 0 0 1 0 0 0 0 0 0 1 0 0 0 0 0.087532 0 1 0 0 0 0 0 1 0 0 1 0 1 0 0 0 1 0 0 0.666667 0 0 1 0 0.214286 0 0 1 0 1 0 0 0 0 1 0 0 0 0 > * X]
 +       1      * <0 0 0 1 0.563636 0 0 0 1 0 0 0 0 0 0 0 0 0 0 1 0 0.527789 0 0 0 0 1 0 1 0 0 0 1 0 0 1 0 0 1 0 0 1 0 0 1 0 0.142857 0 0 1 1 0 0 0.5 0 0 1 0 0 1 0 > * X]
 -       1      * <0 1 0 0 0.236364 0 0 1 0 0 1 0 0 0 0 0 0 0 0 0 0 0.410351 1 0 0 0 0 0 0 0 1 0 0.666667 0 0 1 0 0 1 0 0 0.666667 1 0 0 0 0.160714 0 0 1 1 0 0 0 0 1 0 0 0 0 0 > * X]
 -       0.9791 * <0 0 0 1 0.127273 0 0 0 0 1 0 0 1 0 0 0 0 0 0 0 0 0.068824 1 0 0 0 0 0 1 0 0 0 0.333333 0 1 0 0 0 1 0 0 1 0 1 0 0 0.053571 0 0 1 1 0 0 0.5 0 1 0 0 0 0 0 > * X]
 -       0.6283 * <0 0 0 1 0.127273 0 0 1 0 0 1 0 0 0 0 0 0 0 0 0 0 0.026628 1 0 0 0 0 0 0 1 0 0 1 1 0 0 0 0 1 0 0 0.333333 1 0 0 0 0.535714 0 0 1 0 1 0 0 0 1 0 0 0 0 0 > * X]
 -       1      * <1 0 0 0 0.236364 1 0 0 0 0 0 0 0 0 0 0 0 0 0 1 0 0.194865 1 0 0 0 0 0 0 0 1 0 0.666667 0 0 1 0 0 1 0 0 0 0 1 0 0 0.214286 1 0 0 0 1 0 0 0 0 1 0 0 1 0 > * X]
 +       1      * <0 1 0 0 0.781818 0 0 0 0 1 0 0 1 0 0 0 0 0 0 0 0 0.330875 1 0 0 0 0 0 0 1 0 0 0.333333 0 1 0 0 0 1 0 0 0.666667 0 0 1 0 0.196429 0 0 1 0 1 0 0 0 0 0 1 0 1 0 > * X]
 -       1      * <1 0 0 0 0.345455 0 0 1 0 0 0 0 0 1 0 0 0 0 0 0 0 0.145705 1 0 0 0 0 0 0 0 0 1 1 0 0 1 0 0 1 0 0 1 1 0 0 0 0.803571 1 0 0 1 0 0 0 0 1 0 0 0 0 0 > * X]
 +       1      * <0 1 0 0 0.290909 0 0 1 0 0 0 0 0 0 0 0 0 0 0 1 0 0.064045 1 0 0 0 0 0 0 0 0 1 0.333333 0 1 0 0 0 1 0 0 1 0 1 0 0 0.357143 0 0 1 0 1 0 0 0 0 1 0 1 0 0 > * X]
 -       0.685  * <0 0 0 1 0.345455 0 0 1 0 0 0 0 0 0 0 0 0 0 1 0 0 0.046907 1 0 0 0 0 0 1 0 0 0 1 0 0 0 1 0 1 0 0 0.666667 0 0 1 0 0.142857 0 0 1 0 1 0 0.5 0 1 0 0 0 0 0 > * X]
 -       1      * <1 0 0 0 0.454545 0 0 1 0 0 0 1 0 0 0 0 0 0 0 0 0 0.246279 1 0 0 0 0 0 0 1 0 0 1 1 0 0 0 0 1 0 0 1 0 1 0 0 0.375 0 0 1 0 1 0 0 0 0 0 1 0 1 0 > * X]
 -       0.7868 * <1 0 0 0 0.054545 0 0 0 0 1 0 0 0 0 0 0 0 0 0 0 1 0.062406 1 0 0 0 0 0 0 0 0 1 0.666667 0 0 1 0 0 1 0 0 1 0 0 0 1 0.571429 1 0 0 0 0 1 0.5 0 0 0 1 1 1 0 > * X]
 -       1      * <1 0 0 0 0.181818 0 0 1 0 0 1 0 0 0 0 0 0 0 0 0 0 0.100437 1 0 0 0 0 0 1 0 0 0 0.333333 0 0 1 0 0 1 0 0 0.666667 1 0 0 0 0.303571 0 0 1 0 1 0 0 0 0 1 0 0 0 0 > * X]
 +       1      * <1 0 0 0 0.781818 1 0 0 0 0 0 1 0 0 0 0 0 0 0 0 0 0.297351 1 0 0 0 0 0 0 0 0 1 0.666667 0 0 1 0 0 1 0 0 1 0 0 0 1 0.089286 0 0 1 0 0 1 0.5 0 0 1 0 1 0 0 > * X]
 +       1      * <0 1 0 0 0.781818 1 0 0 0 0 0 0 0 0 0 0 0 0 0 1 0 0.245391 0 1 0 0 0 0 0 0 1 0 1 0 0 1 0 0 1 0 0 1 0 0 0 1 0.267857 0 0 1 0 0 1 0 0 1 0 0 1 0 0 > * X]
 -       0.709  * <0 0 0 1 0.127273 0 0 1 0 0 0 0 0 1 0 0 0 0 0 0 0 0.138536 0 0 0 0 1 0 0 1 0 0 1 0 0 1 0 0 1 0 0 1 0 0 0 1 0.321429 0 0 1 0 0 1 0 0 0 1 0 0 1 0 > * X]
 -       0.8843 * <0 1 0 0 0.127273 0 0 0 0 1 0 0 0 0 1 0 0 0 0 0 0 0.080158 1 0 0 0 0 0 0 0 1 0 1 0 0 1 0 0 1 0 0 0.666667 0 1 0 0 0.125 0 0 1 0 1 0 0 0 0 1 0 0 0 0 > * X]
 +       1      * <1 0 0 0 0.563636 0 0 1 0 0 0 0 0 0 0 0 1 0 0 0 0 0.117916 0 0 0 0 1 0 0 0 0 1 1 0 0 1 0 0 1 0 0 1 0 0 0 1 0.375 0 0 1 0 1 0 0 0 0 0 1 0 1 0 > * X]
 -       0.812  * <0 1 0 0 0.018182 0 0 1 0 0 0 0 0 0 0 1 0 0 0 0 0 0.013929 1 0 0 0 0 0 1 0 0 0 0.666667 0 0 0 1 0 1 0 0 0 0 1 0 0 0.053571 0 0 1 0 1 0 0 0 1 0 0 0 0 0 > * X]
 +       1      * <1 0 0 0 0.127273 0 0 1 0 0 1 0 0 0 0 0 0 0 0 0 0 0.069917 1 0 0 0 0 0 1 0 0 0 0.666667 0 1 0 0 0 1 0 0 0 1 0 0 0 0.321429 0 0 1 0 1 0 0 0 1 0 0 0 0 0 > * X]
 +       1      * <1 0 0 0 0.563636 0 0 0 1 0 0 0 0 0 0 0 0 0 0 1 0 0.129387 1 0 0 0 0 0 0 0 1 0 0.333333 0 0 1 0 0 1 0 0 0 0 0 1 0 0.089286 0 0 1 0 1 0 0.5 0 0 1 0 0 1 0 > * X]
 -       0.0317 * <0 0 0 1 0.345455 0 0 1 0 0 0 0 1 0 0 0 0 0 0 0 0 0.046361 0 0 0 0 1 0 0 0 1 0 1 0 0 1 0 0 1 0 0 0.333333 0 0 1 0 0.214286 0 1 0 0 1 0 0 0 0 1 0 0 1 0 > * X]
 -       1      * <1 0 0 0 0.236364 0 0 1 0 0 1 0 0 0 0 0 0 0 0 0 0 0.281988 0 1 0 0 0 0 0 1 0 0 0.666667 0 0 1 0 0 1 0 0 1 0 0 1 0 0.285714 0 0 1 0 1 0 0 0 1 0 0 1 1 0 > * X]
 -       0.495  * <1 0 0 0 0.345455 0 0 0 0 1 0 0 0 0 0 0 0 0 0 1 0 0.077291 0 1 0 0 0 0 0 0 1 0 1 0 0 1 0 0 1 0 0 0 1 0 0 0 0.125 0 0 1 0 1 0 0.5 0 0 1 0 0 1 0 > * X]
 +       1      * <1 0 0 0 0.072727 0 0 1 0 0 1 0 0 0 0 0 0 0 0 0 0 0.080022 1 0 0 0 0 0 1 0 0 0 0.666667 0 0 1 0 0 1 0 0 0.333333 0 0 0 1 0.142857 0 0 1 0 0 1 0 0 0 0 1 0 1 0 > * X]
 -       0.5579 * <0 1 0 0 0.236364 0 0 0 0 1 0 0 0 0 0 0 0 0 0 1 0 0.228049 1 0 0 0 0 1 0 0 0 0 0.666667 0 0 0 1 0 1 0 0 0.666667 0 0 1 0 0.375 0 0 1 0 1 0 1 1 0 0 0 1 1 0 > * X]
 -       1      * <1 0 0 0 0.781818 0 0 1 0 0 0 0 0 0 0 0 1 0 0 0 0 0.493377 1 0 0 0 0 0 0 0 1 0 1 0 0 1 0 0 1 0 0 0 0 0 0 1 0.553571 0 0 1 0 0 1 0 0 0 0 1 0 1 0 > * X]
 +       1      * <0 1 0 0 0.127273 1 0 0 0 0 0 0 1 0 0 0 0 0 0 0 0 0.185648 1 0 0 0 0 0 1 0 0 0 1 0 1 0 0 0 1 0 0 0.666667 0 1 0 0 0.107143 0 0 1 1 0 0 0.5 0 0 1 0 0 0 0 > * X]
 +       1      * <1 0 0 0 0.290909 0 0 1 0 0 0 0 0 1 0 0 0 0 0 0 0 0.108221 1 0 0 0 0 0 0 1 0 0 0.666667 0 1 0 0 0 1 0 0 0.333333 1 0 0 0 0.107143 0 0 1 0 1 0 0.5 0 0 1 0 0 1 0 > * X]
 -       1      * <1 0 0 0 0.236364 0 0 1 0 0 0 0 1 0 0 0 0 0 0 0 0 0.232145 1 0 0 0 0 0 1 0 0 0 0 0 1 0 0 0 1 0 0 1 0 0 1 0 0.053571 0 0 1 1 0 0 0 0 0 1 0 0 0 0 > * X]
 -       1      * <1 0 0 0 0.072727 0 0 0 0 1 1 0 0 0 0 0 0 0 0 0 0 0.174041 1 0 0 0 0 0 0 1 0 0 0.333333 0 0 1 0 0 1 0 0 0.333333 1 0 0 0 0.303571 0 0 1 1 0 0 0.5 0 0 1 0 1 0 0 > * X]
 -       1      * <0 0 0 1 0.181818 0 0 1 0 0 1 0 0 0 0 0 0 0 0 0 0 0.346443 0 0 1 0 0 0 0 0 0 1 0 0 1 0 0 0 1 0 0 1 0 0 0 1 0.285714 0 0 1 0 0 1 0 0 0 1 0 0 0 0 > * X]
 +       1      * <0 1 0 0 0.563636 0 0 0 1 0 1 0 0 0 0 0 0 0 0 0 0 0.134849 1 0 0 0 0 0 0 0 0 1 1 0 0 1 0 0 1 0 0 1 0 0 0 1 0.678571 1 0 0 0 0 1 0.5 0 0 1 0 0 1 0 > * X]
 -       1      * <1 0 0 0 0.454545 0 0 1 0 0 0 0 1 0 0 0 0 0 0 0 0 0.230234 0 0 0 1 0 0 0 0 0 1 1 0 1 0 0 0 1 0 0 1 0 1 0 0 0.678571 0 0 1 1 0 0 0.5 0 0 1 0 0 1 0 > * X]
 -       1      * <0 1 0 0 0.236364 0 0 1 0 0 0 0 0 0 0 0 0 0 0 1 0 0.286017 1 0 0 0 0 0 0 0 0 1 0 0 0 1 0 0 0 1 0 0 1 0 0 0 0.25 1 0 0 0 1 0 0 0 0 0 1 0 1 0 > * X]
 +       1      * <0 0 1 0 0.072727 0 0 1 0 0 0 0 0 1 0 0 0 0 0 0 0 0.033798 1 0 0 0 0 0 0 1 0 0 0.666667 0 1 0 0 0 1 0 0 0.333333 1 0 0 0 0.160714 0 0 1 0 1 0 0 0 1 0 0 0 0 0 > * X]
 +       1      * <0 1 0 0 0.563636 0 0 1 0 0 0 0 0 0 0 1 0 0 0 0 0 0.145705 1 0 0 0 0 0 1 0 0 0 1 0 0 1 0 0 1 0 0 0 0 0 0 1 0.25 0 0 1 1 0 0 0 0 1 0 0 0 0 0 > * X]
 -       0.0294 * <0 0 0 1 0.018182 0 0 1 0 0 0 0 0 1 0 0 0 0 0 0 0 0.074833 0 1 0 0 0 0 0 0 0 1 0.333333 0 0 1 0 0 1 0 0 1 0 0 0 1 0.410714 1 0 0 0 0 1 0 0 0 1 0 1 1 0 > * X]
 -       0.6644 * <0 0 0 1 0.181818 0 0 1 0 0 0 1 0 0 0 0 0 0 0 0 0 0.071692 0 0 0 0 1 0 0 0 0 1 1 0 0 1 0 0 1 0 0 1 0 0 0 1 0.464286 1 0 0 0 0 1 0 0 0 1 0 1 0 0 > * X]
 -       0.4452 * <0 0 1 0 0.090909 0 0 1 0 0 1 0 0 0 0 0 0 0 0 0 0 0.25256 1 0 0 0 0 0 1 0 0 0 0 0 0 1 0 0 0 0 1 0 0 1 0 0 0.321429 0 0 1 0 1 0 0 0 1 0 0 1 0 0 > * X]
 +       1      * <0 1 0 0 0.345455 0 0 1 0 0 0 1 0 0 0 0 0 0 0 0 0 0.8418 1 0 0 0 0 0 0 0 0 1 1 0 1 0 0 0 1 0 0 0.333333 0 0 0 1 0.446429 0 0 1 0 0 1 0 0 0 0 1 0 1 0 > * X]
 +       1      * <0 1 0 0 0.127273 0 0 1 0 0 1 0 0 0 0 0 0 0 0 0 0 0.071351 1 0 0 0 0 0 1 0 0 0 0.666667 0 1 0 0 0 1 0 0 0 0 0 1 0 0.107143 0 0 1 1 0 0 0 0 0 1 0 0 0 0 > * X]
 +       1      * <1 0 0 0 0.127273 0 0 1 0 0 0 0 0 0 0 0 1 0 0 0 0 0.037212 1 0 0 0 0 0 1 0 0 0 1 0 1 0 0 0 1 0 0 1 0 1 0 0 0.607143 0 0 1 0 1 0 0 0 0 1 0 0 0 0 > * X]
 +       1      * <0 0 0 1 0.236364 0 0 0 0 1 1 0 0 0 0 0 0 0 0 0 0 0.087396 1 0 0 0 0 0 0 1 0 0 0.666667 0 0 1 0 0 1 0 0 0.333333 0 1 0 0 0.232143 1 0 0 0 1 0 0.5 0 0 1 0 0 0 0 > * X]
 -       0.2942 * <0 0 1 0 0.127273 0 1 0 0 0 0 0 0 1 0 0 0 0 0 0 0 0.010856 0 0 0 1 0 0 0 1 0 0 0.666667 0 1 0 0 0 1 0 0 0.666667 1 0 0 0 0.410714 0 0 1 1 0 0 0.5 0 0 1 0 0 0 0 > * X]
 +       1      * <1 0 0 0 0.345455 0 0 1 0 0 0 0 0 1 0 0 0 0 0 0 0 0.149461 1 0 0 0 0 0 1 0 0 0 1 0 1 0 0 0 1 0 0 1 1 0 0 0 0.285714 0 0 1 0 1 0 0 0 0 1 0 0 1 0 > * X]
 -       1      * <1 0 0 0 0.290909 0 0 1 0 0 0 0 0 1 0 0 0 0 0 0 0 0.21214 0 0 0 1 0 0 1 0 0 0 1 0 1 0 0 0 1 0 0 0.333333 0 0 1 0 0.178571 1 0 0 0 1 0 0 0 0 1 0 0 0 0 > * X]
 -       0.0934 * <0 0 0 1 0.781818 0 0 0 0 1 0 0 0 0 0 0 1 0 0 0 0 0.400109 1 0 0 0 0 0 0 1 0 0 0 0 0 1 0 0 1 0 0 0.666667 0 0 0 1 0.214286 1 0 0 0 0 1 0 0 0 1 0 0 1 0 > * X]
 +       1      * <1 0 0 0 0.127273 0 0 1 0 0 0 0 0 1 0 0 0 0 0 0 0 0.02895 0 1 0 0 0 0 0 0 1 0 1 0 0 0 1 0 1 0 0 0 0 1 0 0 0.017857 0 0 1 0 1 0 0 0 0 1 0 0 0 0 > * X]
 +       1      * <0 1 0 0 0.563636 0 0 0 0 1 1 0 0 0 0 0 0 0 0 0 0 0.175475 1 0 0 0 0 0 1 0 0 0 1 1 0 0 0 0 1 0 0 1 0 0 1 0 0.142857 0 0 1 0 1 0 0.5 0 0 1 0 0 0 0 > * X]
 -       1      * <0 1 0 0 0.454545 0 0 1 0 0 0 0 1 0 0 0 0 0 0 0 0 0.244572 1 0 0 0 0 0 1 0 0 0 0.333333 0 0 0 1 0 1 0 0 0 0 1 0 0 0.053571 0 0 1 0 1 0 0 0 0 1 0 0 0 0 > * X]
 +       1      * <1 0 0 0 0.236364 0 0 1 0 0 0 0 1 0 0 0 0 0 0 0 0 0.122149 1 0 0 0 0 0 0 1 0 0 0 0 1 0 0 0 1 0 0 1 1 0 0 0 0.017857 1 0 0 1 0 0 0 0 0 1 0 0 0 0 > * X]
 -       0.6147 * <0 1 0 0 0.072727 0 0 1 0 0 0 0 0 1 0 0 0 0 0 0 0 0.065274 1 0 0 0 0 0 0 0 0 1 1 0 1 0 0 0 1 0 0 1 1 0 0 0 0.107143 0 0 1 0 1 0 0 0 0 1 0 0 0 0 > * X]
 -       0.1756 * <1 0 0 0 0.018182 0 0 0 0 1 0 0 1 0 0 0 0 0 0 0 0 0.110747 1 0 0 0 0 1 0 0 0 0 1 0 0 1 0 0 1 0 0 1 0 0 0 1 0.303571 0 0 1 0 0 1 1 0 0 0 1 0 1 0 > * X]
 +       1      * <1 0 0 0 0.345455 0 0 0 1 0 0 0 0 1 0 0 0 0 0 0 0 0.096204 1 0 0 0 0 0 1 0 0 0 1 0 1 0 0 0 1 0 0 0.333333 0 0 1 0 0.178571 0 0 1 1 0 0 0 0 1 0 0 0 1 0 > * X]
 -       1      * <0 0 1 0 0.345455 0 0 1 0 0 0 0 1 0 0 0 0 0 0 0 0 0.180391 1 0 0 0 0 0 0 0 0 1 0.666667 1 0 0 0 0 1 0 0 1 0 0 0 1 0.571429 0 0 1 0 0 1 0 0 0 1 0 0 0 0 > * X]
 +       0.6874 * <1 0 0 0 0.236364 0 1 0 0 0 0 0 1 0 0 0 0 0 0 0 0 0.088966 1 0 0 0 0 0 0 1 0 0 1 0 0 1 0 0 1 0 0 0.666667 0 0 1 0 0.446429 1 0 0 0 1 0 0 0 0 1 0 0 0 0 > * X]
 -       1      * <1 0 0 0 0.345455 0 0 1 0 0 0 1 0 0 0 0 0 0 0 0 0 0.185307 0 0 0 0 1 0 0 0 0 1 1 0 0 1 0 0 1 0 0 1 0 0 0 1 0.535714 1 0 0 0 0 1 0 0 0 1 0 1 1 0 > * X]
 -       1      * <1 0 0 0 0.127273 0 0 1 0 0 0 0 0 1 0 0 0 0 0 0 0 0.085211 1 0 0 0 0 0 0 1 0 0 1 0 1 0 0 0 1 0 0 0 0 0 1 0 0.071429 1 0 0 0 1 0 0 0 0 1 0 0 0 0 > * X]
 -       1      * <0 0 0 1 0.127273 0 0 1 0 0 0 0 0 1 0 0 0 0 0 0 0 0.031203 1 0 0 0 0 0 0 1 0 0 1 0 0 1 0 0 1 0 0 0.333333 1 0 0 0 0.196429 1 0 0 0 1 0 0.5 0 0 1 0 0 0 0 > * X]
 +       1      * <0 0 1 0 0.090909 0 0 1 0 0 1 0 0 0 0 0 0 0 0 0 0 0.067595 0 1 0 0 0 0 0 0 0 1 0 0 1 0 0 0 1 0 0 1 0 0 0 1 0.517857 0 0 1 0 0 1 0 0 1 0 0 1 0 0 > * X]
 -       0.9459 * <0 1 0 0 0.236364 0 0 1 0 0 0 1 0 0 0 0 0 0 0 0 0 0.172675 1 0 0 0 0 0 0 1 0 0 0 0 0 0 1 0 1 0 0 0.666667 0 0 1 0 0.035714 0 0 1 1 0 0 0 0 0 1 0 0 1 0 > * X]
 +       1      * <0 0 0 1 0.454545 0 1 0 0 0 0 1 0 0 0 0 0 0 0 0 0 0.493992 0 0 0 0 1 1 0 0 0 0 1 0 1 0 0 0 1 0 0 0 1 0 0 0 0.607143 1 0 0 0 1 0 0 0 0 0 1 0 1 0 > * X]
 -       1      * <0 1 0 0 0.563636 0 0 1 0 0 0 0 0 1 0 0 0 0 0 0 0 0.310324 1 0 0 0 0 0 1 0 0 0 1 0 1 0 0 0 1 0 0 0 0 0 0 1 0.196429 0 0 1 0 1 0 0 0 0 0 1 0 1 0 > * X]
 -       0.3092 * <0 1 0 0 0.236364 0 0 0 0 1 0 0 1 0 0 0 0 0 0 0 0 0.229551 1 0 0 0 0 0 0 0 0 1 0.666667 0 1 0 0 0 1 0 0 1 0 1 0 0 0.321429 0 0 1 0 1 0 0 0 0 1 0 0 1 0 > * X]
 +       1      * <1 0 0 0 0.345455 0 0 1 0 0 1 0 0 0 0 0 0 0 0 0 0 0.311826 1 0 0 0 0 0 0 0 1 0 0.333333 0 0 1 0 0 0 1 0 0.666667 0 1 0 0 0.214286 0 0 1 0 1 0 0 0 0 1 0 0 1 0 > * X]
 +       0.0872 * <1 0 0 0 0.127273 0 1 0 0 0 1 0 0 0 0 0 0 0 0 0 0 0.03052 1 0 0 0 0 0 1 0 0 0 1 0 0 1 0 0 1 0 0 0.333333 0 0 1 0 0.482143 1 0 0 0 1 0 0.5 0 0 1 0 0 1 0 > * X]
 +       1      * <1 0 0 0 0.127273 0 0 1 0 0 0 1 0 0 0 0 0 0 0 0 0 0.21412 1 0 0 0 0 0 0 0 0 1 0.666667 0 0 1 0 0 1 0 0 1 0 0 0 1 0.285714 0 0 1 0 0 1 0 0 0 1 0 0 1 0 > * X]
 +       1      * <1 0 0 0 0.345455 0 1 0 0 0 0 0 1 0 0 0 0 0 0 0 0 0.211594 0 0 1 0 0 0 1 0 0 0 1 0 0 1 0 0 1 0 0 1 0 0 0 1 0.196429 0 0 1 0 0 1 0 0 0 1 0 1 1 0 > * X]
 -       1      * <1 0 0 0 0.127273 0 0 0 0 1 1 0 0 0 0 0 0 0 0 0 0 0.127748 1 0 0 0 0 0 0 1 0 0 1 0 0 1 0 0 1 0 0 0.333333 0 1 0 0 0.196429 0 0 1 0 1 0 0.5 0 0 1 0 0 0 0 > * X]
 +       1      * <0 0 0 1 0.127273 0 0 1 0 0 1 0 0 0 0 0 0 0 0 0 0 0.077564 0 0 1 0 0 0 0 1 0 0 0.333333 0 1 0 0 0 1 0 0 0.333333 0 1 0 0 0.125 0 0 1 0 1 0 0 0 0 1 0 0 0 0 > * X]
 +       1      * <0 1 0 0 0.345455 0 0 0 0 1 0 0 1 0 0 0 0 0 0 0 0 0.306295 1 0 0 0 0 0 1 0 0 0 0.333333 0 1 0 0 0 1 0 0 1 0 0 1 0 0.107143 1 0 0 0 1 0 0 0 1 0 0 0 0 0 > * X]
 +       1      * <0 1 0 0 0.072727 0 0 0 0 1 0 0 0 0 0 0 1 0 0 0 0 0.060494 0 0 0 1 0 0 0 0 0 1 1 0 0 1 0 0 1 0 0 0.666667 0 0 0 1 0.232143 0 0 1 0 0 1 0.5 0 0 1 0 1 0 0 > * X]
 -       1      * <0 1 0 0 0.454545 0 0 0 1 0 0 0 0 0 0 0 0 0 0 1 0 0.15383 0 1 0 0 0 0 0 0 0 1 1 0 0 1 0 0 1 0 0 0.333333 0 1 0 0 0.392857 0 1 0 0 1 0 0.5 0 0 1 0 0 0 0 > * X]
 +       1      * <1 0 0 0 0.345455 0 0 1 0 0 0 0 1 0 0 0 0 0 0 0 0 0.21132 1 0 0 0 0 0 0 0 0 1 1 0 0 1 0 0 1 0 0 0.333333 0 1 0 0 0.357143 0 0 1 1 0 0 0 0 0 0 1 0 1 0 > * X]
 -       1      * <1 0 0 0 0.018182 0 0 0 0 1 1 0 0 0 0 0 0 0 0 0 0 0.024512 1 0 0 0 0 0 0 0 1 0 1 0 1 0 0 0 1 0 0 0.666667 0 1 0 0 0.321429 0 0 1 0 1 0 0.5 0 0 1 0 0 0 1 > * X]
 -       0.6214 * <1 0 0 0 0.127273 0 0 0 0 1 0 1 0 0 0 0 0 0 0 0 0 0.079134 1 0 0 0 0 0 0 0 0 1 1 0 0 1 0 0 1 0 0 0.666667 1 0 0 0 0.625 0 0 1 0 1 0 0 0 0 1 0 0 0 0 > * X]
 +       1      * <1 0 0 0 0.018182 0 0 1 0 0 0 0 0 0 0 0 1 0 0 0 0 0.013519 1 0 0 0 0 0 1 0 0 0 1 0 1 0 0 0 1 0 0 1 0 1 0 0 0.071429 0 0 1 0 1 0 0 0 0 1 0 0 0 0 > * X]
 +       1      * <1 0 0 0 0.563636 0 0 0 0 1 0 0 1 0 0 0 0 0 0 0 0 0.408234 1 0 0 0 0 0 1 0 0 0 1 0 1 0 0 0 0 1 0 1 0 0 0 1 0.071429 0 0 1 1 0 0 0.5 0 1 0 0 0 1 0 > * X]
 -       1      * <1 0 0 0 0.127273 0 0 0 0 1 0 1 0 0 0 0 0 0 0 0 0 0.087123 1 0 0 0 0 0 0 0 0 1 1 0 0 1 0 0 1 0 0 1 0 0 0 1 0.839286 0 0 1 0 0 1 0.5 0 0 0 1 0 0 0 > * X]
 +       1      * <0 1 0 0 0.236364 1 0 0 0 0 1 0 0 0 0 0 0 0 0 0 0 0.138468 0 1 0 0 0 0 1 0 0 0 0.666667 0 1 0 0 0 1 0 0 0.666667 0 0 1 0 0.160714 0 0 1 0 1 0 0.5 0 0 1 0 0 0 0 > * X]
 +       1      * <0 1 0 0 0.018182 0 0 0 1 0 1 0 0 0 0 0 0 0 0 0 0 0.065479 1 0 0 0 0 1 0 0 0 0 1 0 0 1 0 0 1 0 0 1 0 1 0 0 0.5 0 0 1 0 1 0 0 0 0 0 1 0 1 0 > * X]
 -       0.8323 * <1 0 0 0 0.345455 0 0 1 0 0 0 0 0 0 0 0 0 0 0 0 1 0.102758 1 0 0 0 0 0 0 0 0 1 1 0 1 0 0 0 0 0 1 1 1 0 0 0 0.696429 0 0 1 0 1 0 0 0 1 0 0 0 1 0 > * X]
 -       0.6138 * <0 1 0 0 0.181818 0 0 1 0 0 0 0 0 0 0 1 0 0 0 0 0 0.086303 0 1 0 0 0 0 0 1 0 0 1 0 0 1 0 0 0 0 1 0.333333 1 0 0 0 0.053571 0 0 1 0 1 0 0 0 0 1 0 0 0 0 > * X]
 -       1      * <1 0 0 0 0.181818 0 0 0 0 1 0 0 1 0 0 0 0 0 0 0 0 0.083845 1 0 0 0 0 0 0 0 0 1 1 0 0 1 0 0 1 0 0 1 0 0 1 0 0.446429 0 0 1 0 1 0 0.5 0 0 1 0 1 1 0 > * X]
 -       1      * <1 0 0 0 0.236364 0 0 1 0 0 0 0 0 1 0 0 0 0 0 0 0 0.146047 1 0 0 0 0 0 1 0 0 0 1 0 1 0 0 0 1 0 0 0 0 0 1 0 0.142857 0 1 0 0 1 0 0 0 0 1 0 0 0 0 > * X]
 +       1      * <1 0 0 0 0.018182 0 0 0 0 1 0 0 1 0 0 0 0 0 0 0 0 0.213983 1 0 0 0 0 0 0 1 0 0 0 1 0 0 0 0 1 0 0 1 1 0 0 0 0.446429 0 0 1 1 0 0 0 0 0 0 1 0 1 0 > * X]
 +       1      * <1 0 0 0 0.236364 0 0 1 0 0 0 1 0 0 0 0 0 0 0 0 0 0.495767 0 0 0 0 1 0 0 0 0 1 0 0 0 1 0 0 1 0 0 1 0 1 0 0 0.571429 0 0 1 0 0 1 0 0 0 1 0 1 1 0 > * X]
 +       1      * <1 0 0 0 0.236364 0 0 1 0 0 0 0 1 0 0 0 0 0 0 0 0 0.060153 1 0 0 0 0 1 0 0 0 0 1 0 1 0 0 0 1 0 0 0.333333 0 0 1 0 0.25 0 0 1 0 1 0 0 0 0 1 0 0 0 0 > * X]
 +       1      * <0 0 0 1 0.236364 0 1 0 0 0 1 0 0 0 0 0 0 0 0 0 0 0.42387 1 0 0 0 0 0 0 0 0 1 0.333333 0 0 1 0 0 1 0 0 1 0 0 0 1 0.357143 1 0 0 0 1 0 0.5 0 0 0 1 1 1 0 > * X]
 +       1      * <0 1 0 0 0.345455 0 0 0 0 1 0 0 0 0 0 0 0 0 0 1 0 0.115048 1 0 0 0 0 0 0 0 0 1 1 1 0 0 0 0 1 0 0 1 1 0 0 0 0.214286 0 0 1 0 1 0 0.5 0 0 1 0 0 1 0 > * X]
 -       1      * <1 0 0 0 0.236364 0 0 1 0 0 1 0 0 0 0 0 0 0 0 0 0 0.136488 0 1 0 0 0 0 0 0 1 0 1 0 0 1 0 0 1 0 0 0.666667 0 0 1 0 0.196429 0 0 1 0 1 0 0 0 0 0 1 1 1 0 > * X]
 +       0.6127 * <1 0 0 0 0.018182 0 1 0 0 0 0 0 0 0 0 0 1 0 0 0 0 0.064728 1 0 0 0 0 0 0 0 0 1 1 0 1 0 0 0 1 0 0 1 0 0 0 1 0.285714 0 0 1 0 0 1 0 0 0 1 0 0 0 0 > * X]
 +       1      * <1 0 0 0 0.236364 0 0 1 0 0 0 0 0 1 0 0 0 0 0 0 0 0.074764 1 0 0 0 0 0 0 1 0 0 1 0 0 0 1 0 1 0 0 0.666667 1 0 0 0 0.125 1 0 0 0 1 0 0 0 0 1 0 0 0 0 > * X]
 +       1      * <0 0 1 0 0.236364 0 0 1 0 0 0 0 0 1 0 0 0 0 0 0 0 0.126314 1 0 0 0 0 0 0 1 0 0 1 0 0 1 0 0 0 1 0 0.333333 1 0 0 0 0.321429 0 1 0 0 1 0 0 0 0 1 0 0 0 0 > * X]
 +       1      * <0 1 0 0 0.127273 0 0 1 0 0 1 0 0 0 0 0 0 0 0 0 0 0.029701 1 0 0 0 0 0 0 0 1 0 0.333333 0 0 0 1 0 1 0 0 0.666667 0 0 1 0 0.107143 1 0 0 0 1 0 0 0 1 0 0 0 0 0 > * X]
 -       1      * <1 0 0 0 0.181818 0 0 1 0 0 1 0 0 0 0 0 0 0 0 0 0 0.154377 1 0 0 0 0 1 0 0 0 0 0 0 1 0 0 0 1 0 0 1 0 0 1 0 0.071429 0 0 1 1 0 0 0 0 0 1 0 0 0 0 > * X]
 -       0.8593 * <0 1 0 0 0.672727 0 0 0 0 1 0 0 0 0 0 0 0 0 0 1 0 0.389458 1 0 0 0 0 0 0 0 1 0 0.333333 0 1 0 0 0 1 0 0 0 1 0 0 0 0.392857 1 0 0 0 1 0 0.5 0 1 0 0 0 0 0 > * X]
 -       0.0752 * <0 0 0 1 0.890909 1 0 0 0 0 0 1 0 0 0 0 0 0 0 0 0 0.627202 0 0 0 0 1 0 0 1 0 0 0.333333 0 0 1 0 0 1 0 0 0.333333 0 1 0 0 0.357143 0 0 1 0 1 0 0 0 1 0 0 1 0 0 > * X]
 -       1      * <0 1 0 0 0.345455 0 0 0 1 0 0 0 1 0 0 0 0 0 0 0 0 0.142223 0 0 0 0 1 0 1 0 0 0 1 0 0 1 0 0 1 0 0 0.333333 0 1 0 0 0.178571 1 0 0 0 1 0 0 0 1 0 0 0 0 0 > * X]
 -       0.0727 * <1 0 0 0 0.454545 0 0 0 0 1 0 1 0 0 0 0 0 0 0 0 0 0.405367 0 1 0 0 0 0 0 0 1 0 0 0 0 0 1 0 1 0 0 1 0 0 1 0 0.089286 0 0 1 1 0 0 0.5 0 0 1 0 0 0 0 > * X]
 +       1      * <0 1 0 0 0.454545 0 0 0 0 1 0 0 1 0 0 0 0 0 0 0 0 0.55551 1 0 0 0 0 0 0 0 1 0 0.333333 0 0 1 0 0 1 0 0 0.333333 0 1 0 0 0.535714 0 0 1 0 1 0 0 0 0 1 0 0 0 0 > * X]
 -       0.8696 * <0 0 0 1 0.345455 0 0 1 0 0 0 0 1 0 0 0 0 0 0 0 0 0.191998 0 0 1 0 0 0 0 0 0 1 1 0 0 1 0 0 1 0 0 0.666667 0 0 0 1 0.232143 0 0 1 1 0 0 0 0 0 1 0 0 1 0 > * X]
 -       0.0206 * <0 0 0 1 0.781818 0 0 1 0 0 0 0 0 1 0 0 0 0 0 0 0 0.680868 0 0 0 0 1 0 0 0 1 0 1 0 0 1 0 0 1 0 0 0.666667 0 0 1 0 0.321429 0 1 0 0 1 0 0 0 0 1 0 0 1 0 > * X]
 -       0.7371 * <0 0 0 1 0.018182 0 0 0 0 1 1 0 0 0 0 0 0 0 0 0 0 0.007647 0 1 0 0 0 0 0 1 0 0 1 0 1 0 0 0 1 0 0 1 0 0 1 0 0.589286 0 0 1 0 1 0 0.5 0 1 0 0 0 0 0 > * X]
 -       0.7744 * <0 0 0 1 0.563636 0 0 0 1 0 1 0 0 0 0 0 0 0 0 0 0 0.725454 1 0 0 0 0 0 0 0 0 1 0.333333 0 0 1 0 0 1 0 0 0.333333 0 0 1 0 0.464286 0 0 1 0 1 0 0.5 0 0 1 0 1 1 0 > * X]
 -       0.9303 * <1 0 0 0 0.454545 0 0 1 0 0 0 0 0 1 0 0 0 0 0 0 0 0.155128 1 0 0 0 0 0 0 0 0 1 0 0 0 1 0 0 0 0 1 0.666667 0 1 0 0 0.357143 0 0 1 0 1 0 0 0 0 1 0 1 0 0 > * X]
 -       0.2376 * <0 0 0 1 0.781818 0 0 0 1 0 0 0 0 1 0 0 0 0 0 0 0 0.477127 0 0 0 0 1 0 0 0 0 1 0.666667 0 0 1 0 0 1 0 0 0.666667 0 0 1 0 0.232143 1 0 0 0 1 0 0.5 0 0 1 0 1 0 0 > * X]
 +       1      * <0 1 0 0 0.454545 0 0 1 0 0 0 0 1 0 0 0 0 0 0 0 0 0.217875 0 1 0 0 0 0 0 1 0 0 0.333333 0 1 0 0 0 0 1 0 1 0 0 1 0 0.035714 0 0 1 1 0 0 0 0 0 1 0 0 0 0 > * X]
 +       1      * <0 1 0 0 0.181818 0 1 0 0 0 1 0 0 0 0 0 0 0 0 0 0 0.450635 0 1 0 0 0 1 0 0 0 0 0 0 0 1 0 0 1 0 0 0.333333 0 1 0 0 0.267857 0 0 1 0 1 0 0 0 0 0 1 1 1 0 > * X]
 +       1      * <0 0 0 1 0.563636 0 0 1 0 0 0 0 0 0 0 0 1 0 0 0 0 0.107128 1 0 0 0 0 0 0 1 0 0 1 0 0 1 0 0 1 0 0 1 0 0 0 1 0.321429 0 1 0 0 0 1 0 0 0 1 0 0 1 0 > * X]
 -       1      * <0 1 0 0 0.563636 0 0 1 0 0 0 0 0 1 0 0 0 0 0 0 0 0.14154 1 0 0 0 0 0 0 0 1 0 1 0 0 1 0 0 1 0 0 1 0 0 1 0 0.089286 0 0 1 1 0 0 0 0 0 1 0 0 0 0 > * X]
 -       0.1204 * <1 0 0 0 0.072727 0 0 0 0 1 0 0 0 1 0 0 0 0 0 0 0 0.060631 1 0 0 0 0 0 0 1 0 0 1 0 0 1 0 0 1 0 0 1 1 0 0 0 0.107143 0 0 1 0 1 0 0.5 0 1 0 0 0 0 0 > * X]
 +       1      * <0 0 0 1 0.236364 0 0 0 1 0 0 0 0 0 0 0 0 0 0 1 0 0.131026 1 0 0 0 0 0 0 1 0 0 1 0 0 0 1 0 1 0 0 0.333333 0 0 1 0 0.160714 0 0 1 0 1 0 0 0 0 1 0 0 1 0 > * X]
 +       1      * <1 0 0 0 0.272727 0 0 0 0 1 1 0 0 0 0 0 0 0 0 0 0 0.135532 1 0 0 0 0 0 0 1 0 0 1 0 0 0 1 0 0 0 1 0.333333 0 1 0 0 0.25 1 0 0 1 0 0 0.5 0 0 1 0 0 0 1 > * X]
 +       1      * <0 1 0 0 0.345455 0 0 1 0 0 0 0 0 0 0 0 0 0 0 0 1 0.756384 1 0 0 0 0 0 0 1 0 0 0.333333 0 0 1 0 0 0 1 0 0.666667 0 0 1 0 0.178571 1 0 0 0 1 0 0.5 0 0 0 1 0 1 0 > * X]
 -       0.8119 * <1 0 0 0 0.090909 0 0 0 0 1 0 0 1 0 0 0 0 0 0 0 0 0.128499 0 0 0 0 1 0 1 0 0 0 0.333333 0 1 0 0 0 0 1 0 0.666667 1 0 0 0 0.142857 0 0 1 1 0 0 0.5 0 0 1 0 0 0 1 > * X]
 +       1      * <0 1 0 0 0.454545 0 0 0 1 0 0 0 0 1 0 0 0 0 0 0 0 0.113956 0 1 0 0 0 0 1 0 0 0 1 0 0 1 0 0 1 0 0 0.666667 0 0 0 1 0.196429 0 1 0 0 1 0 0.5 0 0 0 1 0 0 0 > * X]
 -       1      * <0 1 0 0 0.090909 0 1 0 0 0 0 0 0 1 0 0 0 0 0 0 0 0.054486 1 0 0 0 0 0 0 1 0 0 1 0 0 1 0 0 1 0 0 1 1 0 0 0 0.071429 0 1 0 0 1 0 0 0 1 0 0 0 0 0 > * X]
 +       1      * <0 0 0 1 0.4 0 0 1 0 0 1 0 0 0 0 0 0 0 0 0 0 0.158405 1 0 0 0 0 0 0 1 0 0 0.666667 0 1 0 0 0 1 0 0 0.666667 1 0 0 0 0.035714 0 0 1 1 0 0 0 0 0 1 0 0 0 0 > * X]
 +       0.9189 * <1 0 0 0 0.781818 0 0 1 0 0 1 0 0 0 0 0 0 0 0 0 0 0.251331 1 0 0 0 0 0 0 0 1 0 1 0 0 1 0 0 1 0 0 1 0 0 0 1 0.482143 0 0 1 0 0 1 0 0 0 1 0 1 0 0 > * X]
 -       1      * <0 1 0 0 0.454545 1 0 0 0 0 0 0 0 0 0 0 0 0 0 1 0 0.271132 1 0 0 0 0 0 0 1 0 0 0.333333 0 1 0 0 0 1 0 0 0 0 0 1 0 0.160714 0 0 1 0 1 0 0.5 0 0 1 0 0 0 0 > * X]
 -       0.9944 * <0 1 0 0 0.345455 0 0 1 0 0 0 0 0 1 0 0 0 0 0 0 0 0.117233 1 0 0 0 0 0 0 0 0 1 1 0 1 0 0 0 1 0 0 1 0 0 1 0 0.017857 0 0 1 0 1 0 0 0 0 1 0 0 1 0 > * X]
 -       0.3236 * <1 0 0 0 0.018182 0 0 0 0 1 1 0 0 0 0 0 0 0 0 0 0 0.075857 1 0 0 0 0 0 1 0 0 0 0.333333 0 0 1 0 0 1 0 0 1 1 0 0 0 0.375 0 0 1 0 1 0 0 0 1 0 0 1 0 1 > * X]
 +       1      * <1 0 0 0 0.345455 0 0 0 0 1 1 0 0 0 0 0 0 0 0 0 0 0.064796 1 0 0 0 0 0 0 0 0 1 1 0 0 1 0 0 1 0 0 1 0 0 1 0 0.732143 0 0 1 0 1 0 0.5 0 1 0 0 0 0 0 > * X]
 -       1      * <1 0 0 0 0.763636 0 0 1 0 0 1 0 0 0 0 0 0 0 0 0 0 0.715008 1 0 0 0 0 0 1 0 0 0 0 0 1 0 0 0 1 0 0 0 1 0 0 0 0.285714 0 0 1 0 1 0 0 0 1 0 0 0 1 0 > * X]
 -       0.5733 * <0 1 0 0 0.236364 0 0 0 1 0 0 0 0 0 0 0 0 0 0 1 0 0.148641 0 0 0 0 1 0 0 0 0 1 1 0 0 1 0 0 1 0 0 0.333333 0 1 0 0 0.410714 0 0 1 0 1 0 0.5 0 0 1 0 0 0 0 > * X]
 -       0.8745 * <1 0 0 0 0.018182 0 0 1 0 0 0 0 0 1 0 0 0 0 0 0 0 0.163662 0 0 1 0 0 0 0 1 0 0 0.333333 0 0 1 0 0 1 0 0 0.666667 1 0 0 0 0.446429 0 0 1 1 0 0 0 0 0 1 0 1 0 0 > * X]
 -       1      * <0 1 0 0 0.781818 0 0 1 0 0 1 0 0 0 0 0 0 0 0 0 0 0.562406 0 0 0 0 1 0 0 0 1 0 0 0 1 0 0 0 1 0 0 0.333333 0 0 1 0 0.089286 0 0 1 0 1 0 0 0 0 1 0 0 0 0 > * X]
 -       0.5411 * <0 0 1 0 0.090909 0 0 0 0 1 1 0 0 0 0 0 0 0 0 0 0 0.036256 1 0 0 0 0 0 0 0 0 1 1 0 0 1 0 0 1 0 0 1 0 0 0 1 0.785714 0 0 1 0 0 1 0.5 0 0 1 0 0 1 0 > * X]
 -       1      * <1 0 0 0 0.127273 0 0 1 0 0 1 0 0 0 0 0 0 0 0 0 0 0.112181 1 0 0 0 0 0 0 1 0 0 1 0 1 0 0 0 0 0 1 1 0 1 0 0 0.178571 0 0 1 0 1 0 0 0 0 1 0 0 1 0 > * X]
 +       1      * <0 0 0 1 0.781818 0 0 1 0 0 0 0 0 0 0 0 0 0 0 1 0 0.250171 0 0 0 0 1 0 0 1 0 0 1 1 0 0 0 0 1 0 0 0.333333 1 0 0 0 0.339286 1 0 0 0 1 0 0 0 0 1 0 0 0 0 > * X]
 -       1      * <1 0 0 0 0.127273 0 0 1 0 0 0 0 1 0 0 0 0 0 0 0 0 0.158951 1 0 0 0 0 1 0 0 0 0 0.666667 0 1 0 0 0 1 0 0 1 0 0 0 1 0.642857 0 0 1 0 0 1 0 0 0 0 1 0 0 0 > * X]
 -       0.2533 * <0 1 0 0 0.563636 0 0 0 1 0 0 0 0 0 0 0 0 0 0 1 0 0.655947 0 1 0 0 0 0 0 0 1 0 0 0 0 1 0 0 1 0 0 0.666667 0 1 0 0 0.214286 0 0 1 0 1 0 0.5 0 1 0 0 1 1 0 > * X]
 -       1      * <1 0 0 0 0.127273 0 0 1 0 0 0 0 0 1 0 0 0 0 0 0 0 0.030793 1 0 0 0 0 0 0 1 0 0 1 0 0 0 1 0 1 0 0 0.333333 1 0 0 0 0.375 0 0 1 0 1 0 0 0 1 0 0 0 0 0 > * X]
 +       1      * <1 0 0 0 0.345455 0 1 0 0 0 0 0 0 0 0 0 0 0 0 0 1 0.075652 0 0 0 0 1 0 0 0 0 1 1 0 0 1 0 0 1 0 0 0.666667 0 0 1 0 0.375 0 1 0 0 1 0 0 0 0 0 1 0 1 0 > * X]
 -       0.6995

Number of support vectors: 306

Number of kernel evaluations: 94459 (90.796% cached)

